1 1 1 1 1 1 1 1 1 1 1 1 1 1 1 1 1 1 1 1 1 1 1 1 1 1 1 1 1 1 1 1 1 1 1 1 1 1 1 1 1 1 1 1 1 1 1 1 1 1 
2	0	6406	42	67	5	68	32	91	44	55	6	89	0	65	23	93	9	52	2	83	7	84	3	92	26	70	16	88	48	58	38	73	22	77	18	95	34	79	19	51	37	51	10	98	40	76	33	86	11	58	36	77	1	87	29	95	21	83	41	56	45	71	14	82	27	56	24	69	43	93	12	89	8	58	47	58	17	96	46	55	20	87	25	85	13	91	30	54	31	73	28	70	39	59	4	56	49	72	35	58	15	59
9	0	6297	34	60	3	79	24	65	38	95	40	84	31	61	44	85	21	88	20	80	17	80	43	93	23	58	5	82	14	56	22	52	28	55	48	76	7	75	12	84	16	52	1	82	10	93	2	81	42	96	18	94	9	90	4	90	49	89	36	88	6	58	37	79	13	56	41	90	32	84	39	96	29	69	46	51	8	79	35	51	33	63	15	79	11	59	25	74	0	58	19	90	30	87	27	85	26	99	45	52	47	77
6	0	6590	41	69	3	66	4	50	38	87	37	60	29	84	19	59	49	92	46	81	24	98	5	50	36	70	2	87	17	76	15	60	9	66	1	91	21	97	20	90	18	62	34	51	45	93	48	50	25	98	42	99	43	90	31	93	23	56	8	91	12	81	47	81	14	61	26	76	22	98	28	94	6	61	44	51	30	98	32	73	7	96	0	94	16	99	40	92	27	99	35	87	13	91	11	86	10	60	33	85	39	65
3	0	6848	49	88	31	84	11	89	14	94	43	86	29	69	3	73	27	84	45	87	9	63	37	84	5	78	34	66	26	92	22	67	12	76	1	86	19	77	32	69	18	82	24	64	0	61	40	80	6	86	25	90	13	54	7	85	44	76	8	77	2	78	47	51	30	80	21	99	15	65	10	65	20	91	35	84	36	86	33	92	38	55	42	74	46	55	39	76	23	72	28	86	48	73	4	63	17	59	16	56	41	85
6	0	5544	4	54	14	59	8	60	24	70	31	69	30	83	38	60	23	66	25	64	22	87	13	55	16	94	27	93	3	78	17	75	39	88	18	88	47	60	26	57	7	73	1	53	9	88	28	58	45	83	12	71	29	56	49	60	33	85	43	56	11	92	6	97	35	84	5	85	40	98	0	88	19	79	21	71	36	75	32	89	15	85	46	96	2	78	42	70	20	70	41	77	37	53	34	50	48	82	10	58	44	50
6	0	7455	36	78	39	69	27	88	4	63	48	83	45	76	26	83	1	72	40	85	25	63	15	68	7	61	33	62	11	83	37	67	49	83	8	58	41	70	16	88	20	56	22	65	42	77	14	80	18	56	17	98	21	79	13	61	3	76	24	58	2	71	44	61	31	50	6	59	35	65	23	68	46	89	10	68	34	50	38	79	5	75	9	71	32	50	29	58	19	52	30	66	0	73	47	85	43	93	12	79	28	74
7	0	5979	23	63	29	68	41	67	15	73	43	79	28	53	22	61	47	92	39	68	40	82	14	60	9	90	27	67	11	94	8	91	49	63	20	70	38	85	2	76	46	65	48	88	44	83	33	61	5	70	26	93	21	74	4	86	31	61	7	88	3	65	45	97	34	99	24	96	19	71	10	72	17	86	25	92	18	89	0	55	42	93	1	55	36	59	35	80	16	78	6	74	37	90	13	56	32	76	12	58	30	57
4	0	6630	42	73	4	95	22	88	23	97	41	71	31	64	26	74	20	76	3	68	43	66	47	86	27	68	32	99	24	87	13	91	12	62	48	95	11	95	18	71	29	81	8	72	7	98	36	97	21	84	17	69	46	80	19	64	1	57	35	84	25	98	49	55	38	62	5	61	14	64	9	66	39	78	40	53	30	59	45	62	2	71	10	87	34	71	33	78	0	53	15	97	44	85	37	59	16	80	28	72	6	68
2	0	6394	47	86	22	82	33	85	24	82	13	57	29	75	28	67	42	72	32	83	2	79	44	95	38	71	4	72	21	51	19	68	30	76	35	55	14	76	46	94	27	69	40	53	49	61	10	68	36	94	15	93	9	70	43	56	3	81	48	92	20	78	25	51	23	71	31	80	7	98	8	97	12	67	41	96	16	65	34	52	0	67	26	75	1	78	11	76	18	51	39	51	5	51	37	51	6	87	45	80	17	57
9	0	5882	34	53	47	97	11	66	19	54	42	61	29	83	2	93	23	97	22	54	26	66	25	93	45	67	21	91	36	73	30	81	15	55	14	62	17	95	7	64	6	92	43	64	31	61	48	82	12	67	24	97	16	86	35	78	13	92	49	73	10	82	20	99	18	98	8	63	28	74	33	76	46	64	38	67	39	70	37	58	0	71	9	52	3	80	4	80	5	80	41	79	27	66	40	94	1	63	44	73	32	86
5	0	5942	17	99	47	90	42	58	16	76	29	76	25	60	9	87	21	84	8	79	22	86	45	56	5	54	27	91	48	63	19	58	3	87	43	83	39	68	33	92	0	82	6	64	30	89	41	91	1	69	11	71	46	57	49	74	10	83	7	54	2	80	32	60	37	66	14	57	28	89	13	63	31	79	20	63	24	86	18	72	38	90	15	85	23	92	35	68	36	96	12	54	26	57	44	79	4	92	34	97	40	58
3	0	5681	42	80	12	95	13	69	31	79	40	89	25	78	0	75	24	68	36	72	9	56	37	60	27	74	23	64	46	90	33	61	21	81	4	99	18	68	48	60	1	75	2	87	17	78	11	79	15	57	30	83	32	74	20	76	3	74	28	75	26	94	47	82	38	59	8	98	19	66	35	64	44	69	43	84	34	87	22	92	5	91	16	92	29	71	7	64	14	91	45	98	6	93	39	95	10	96	49	88	41	57
5	0	6672	39	73	45	65	30	80	44	75	32	79	14	76	46	91	49	90	20	60	15	66	3	84	0	75	19	68	6	86	28	52	42	74	5	63	40	77	2	60	8	84	26	75	16	53	7	50	41	81	23	91	47	64	38	57	29	67	11	51	35	62	48	88	13	74	37	98	12	95	24	90	27	54	9	96	31	51	4	88	43	76	18	95	36	84	21	98	33	73	17	85	1	56	22	67	10	84	34	99	25	73
3	0	6023	35	67	17	67	18	61	37	55	28	53	29	89	15	68	22	91	20	79	48	53	13	89	32	86	1	72	41	97	31	94	40	74	21	61	36	65	25	98	0	63	42	61	11	58	45	87	5	70	23	78	3	87	4	93	14	70	38	88	43	53	8	71	24	76	47	52	2	92	27	63	39	61	46	57	19	50	26	85	30	97	9	53	7	74	16	51	44	51	49	50	6	72	12	86	33	56	34	70	10	68
6	0	6799	25	53	24	82	30	82	23	61	7	67	0	81	10	55	42	75	28	89	33	82	34	61	38	50	45	67	49	90	1	70	26	87	41	80	5	89	17	85	27	67	22	80	44	55	3	78	15	86	48	63	18	75	35	91	16	69	40	56	39	76	37	93	2	87	20	91	36	59	12	87	6	54	8	58	46	83	43	66	9	55	13	56	19	86	21	82	31	67	32	76	47	63	4	56	11	84	29	90	14	66
2	0	7448	34	88	40	53	38	92	49	82	30	84	29	71	4	51	2	74	24	72	28	50	36	52	23	50	26	71	16	51	33	72	6	71	3	99	35	96	20	74	31	83	32	99	10	58	37	60	8	60	27	61	43	89	14	56	5	71	48	56	0	73	42	88	41	61	25	60	13	59	45	82	21	99	17	77	44	90	15	50	22	89	11	72	7	56	1	92	47	64	12	96	19	82	18	60	39	95	9	75	46	94
6	0	6414	35	64	23	94	25	51	43	64	42	92	19	53	20	84	27	84	33	59	41	68	26	75	18	83	2	77	16	84	32	84	38	69	29	84	36	79	13	89	34	93	3	69	10	57	8	71	0	84	9	63	45	83	6	53	11	84	5	99	48	52	44	53	15	95	47	80	31	66	22	97	12	89	39	59	49	84	28	65	14	58	46	86	7	98	24	79	21	67	37	79	40	73	1	77	4	61	30	62	17	53
6	0	5852	20	78	6	82	15	98	32	58	7	58	21	50	5	77	43	72	11	67	14	54	38	64	36	94	42	85	10	64	16	74	48	63	25	75	49	51	8	53	37	76	33	96	17	94	39	75	22	74	19	57	46	81	47	89	23	70	30	73	9	94	24	54	45	69	44	92	13	95	34	88	40	91	31	66	28	77	35	72	26	98	2	73	1	70	27	87	41	51	29	86	18	69	4	74	0	77	12	65	3	76
5	0	5803	24	82	1	92	38	60	32	61	40	77	3	61	44	97	35	93	33	86	17	69	0	59	11	76	15	97	28	61	12	79	41	72	36	80	34	92	47	57	9	73	49	80	14	66	39	67	48	60	43	62	29	52	2	58	19	94	4	96	27	99	45	53	31	97	22	62	25	85	26	87	10	77	7	73	5	50	13	92	23	57	8	56	16	83	6	81	20	56	30	92	37	72	18	82	21	80	46	70	42	89
3	0	6543	7	62	35	64	17	83	29	56	19	52	21	70	9	93	18	84	13	86	42	86	47	83	30	94	26	75	37	70	23	96	46	68	41	51	43	90	11	93	32	72	16	67	6	78	2	61	40	88	20	50	24	70	1	55	48	54	28	69	45	87	8	92	34	60	49	93	38	85	10	68	0	71	4	51	33	73	44	68	36	50	5	89	14	96	15	51	3	59	12	91	25	96	22	81	31	95	27	80	39	99
7	0	6539	29	52	10	60	26	58	18	64	23	83	41	78	24	84	6	86	15	80	19	90	1	87	28	78	47	92	7	97	32	73	38	63	39	95	20	82	45	82	21	93	36	52	3	92	40	56	11	57	43	67	12	69	22	52	30	69	48	53	9	94	2	59	31	53	17	96	46	71	34	94	35	87	16	52	33	58	42	73	5	89	25	54	13	64	37	99	4	69	27	95	49	61	0	77	14	56	44	58	8	70
7	0	6782	37	79	7	84	39	57	27	63	46	94	24	55	30	73	3	88	14	54	29	60	40	75	26	72	4	97	6	52	15	67	32	81	41	81	38	84	31	96	49	75	47	76	17	75	42	63	10	72	8	60	21	77	1	65	18	67	0	70	2	53	12	81	11	54	34	78	48	69	35	95	13	60	36	93	25	74	20	73	44	93	33	68	23	76	43	90	45	76	28	68	19	54	5	57	22	82	9	54	16	53
8	0	5771	7	86	39	75	46	57	9	61	21	56	18	58	33	73	5	64	25	87	30	64	2	53	6	92	43	66	28	69	44	91	14	54	16	50	19	77	23	90	34	57	17	88	49	77	48	85	1	93	0	78	29	71	35	54	26	65	11	52	47	97	38	90	8	52	31	98	40	70	45	74	42	74	12	92	4	57	3	74	37	74	15	60	32	61	22	77	13	90	10	84	20	71	36	97	41	88	24	67	27	97
1	0	7226	30	55	33	89	11	93	5	89	16	99	23	50	20	67	14	83	45	50	48	75	1	54	6	76	44	96	37	70	42	83	2	95	38	66	39	80	40	91	28	68	18	98	10	87	8	86	43	83	22	91	41	57	3	73	26	57	35	98	21	89	29	76	19	98	49	86	9	82	31	56	12	97	32	59	25	97	24	85	4	70	27	63	36	99	15	96	34	63	7	84	13	83	47	72	17	69	46	88	0	82
7	0	6478	4	71	22	64	27	58	29	64	30	96	19	92	1	71	31	62	41	79	7	56	17	99	36	66	44	75	25	87	18	58	24	63	3	66	34	62	28	94	6	95	16	55	42	87	11	64	39	55	33	57	2	73	46	63	35	93	15	68	20	64	45	77	26	65	12	63	43	82	32	81	0	84	47	69	5	61	38	80	14	52	10	52	23	78	37	65	8	99	49	76	40	77	13	89	48	68	21	60	9	96
1	0	6785	20	63	2	78	35	76	49	59	17	60	46	77	43	84	4	81	42	92	31	95	8	74	11	77	22	67	48	98	16	83	12	52	24	67	1	51	10	88	36	82	34	98	5	77	29	81	28	84	41	98	3	68	37	99	23	63	14	85	38	80	26	68	25	90	44	94	30	92	27	86	47	89	15	84	33	78	19	88	6	92	18	71	0	68	39	91	40	50	32	96	7	59	13	53	45	80	21	84	9	91
5	0	6872	31	63	4	56	23	89	18	54	38	55	20	99	0	71	17	51	29	70	41	94	21	72	25	93	48	64	36	53	40	53	8	51	39	57	19	75	28	52	11	81	27	77	33	84	1	93	13	81	16	79	49	63	2	97	3	57	22	69	42	86	14	58	47	52	12	81	15	87	46	82	32	92	44	82	24	68	5	93	30	50	9	62	34	88	35	85	26	52	43	68	37	96	10	72	7	61	45	99	6	84
3	0	7107	38	84	5	78	48	61	14	99	18	87	0	90	39	80	33	87	21	55	1	63	42	95	16	55	3	66	43	88	30	82	49	69	41	82	4	96	32	92	20	53	12	51	22	70	19	91	9	96	27	61	7	97	35	73	26	97	17	69	29	97	28	80	2	72	34	52	31	70	47	77	23	69	6	75	25	62	40	51	15	58	45	73	13	71	44	83	46	82	10	52	24	80	8	85	37	89	36	58	11	83
2	0	5569	40	60	0	97	5	99	37	52	31	51	47	80	17	73	42	65	48	80	33	71	4	73	46	97	6	96	16	83	36	61	21	66	27	56	20	94	14	93	25	75	44	72	30	79	19	62	35	67	34	99	22	70	13	65	1	50	23	57	38	96	12	50	10	85	41	99	2	81	43	95	45	56	8	55	28	75	24	96	15	70	39	68	9	92	11	85	29	82	32	73	7	58	26	68	49	69	3	91	18	51
7	0	6068	49	96	28	89	40	65	5	92	35	62	6	57	32	50	13	77	21	82	47	98	10	98	19	98	43	64	22	91	11	83	36	89	25	87	41	51	31	85	34	92	24	67	27	54	17	87	37	61	1	83	42	63	3	77	23	73	33	57	18	83	48	71	9	96	20	82	16	66	0	97	30	59	8	68	7	63	15	82	12	77	39	61	14	85	29	73	46	51	44	72	45	84	38	95	26	65	2	94	4	72
2	0	6992	20	78	1	97	4	59	31	91	29	80	8	57	36	77	0	50	30	64	45	97	19	60	23	98	7	79	25	72	9	71	33	94	39	86	18	82	37	96	27	53	6	71	44	67	14	95	5	94	13	71	46	85	48	93	17	82	26	90	35	95	42	67	41	77	15	65	10	62	28	83	49	62	16	95	12	57	21	73	43	90	32	56	47	81	38	55	34	81	3	82	40	57	22	60	2	52	11	54	24	60
8	0	5752	23	79	49	59	9	69	8	60	30	53	17	54	2	62	1	85	21	80	35	61	38	51	18	90	42	87	13	63	24	55	0	65	32	92	40	59	31	55	3	64	15	82	37	53	12	80	34	70	36	70	28	73	48	86	14	57	43	84	25	81	19	53	41	68	39	69	47	85	16	73	7	85	26	60	27	75	44	95	5	61	11	95	46	79	6	83	10	58	45	56	4	67	29	88	20	71	22	99	33	52
9	0	6017	35	63	27	84	48	50	47	71	29	79	16	90	39	85	26	92	24	61	13	69	19	88	11	73	14	94	15	71	22	69	32	68	17	50	20	86	10	80	46	82	4	66	3	80	45	85	41	65	18	70	12	84	6	70	37	69	9	61	31	56	36	83	34	56	2	97	0	50	23	68	21	59	42	69	38	63	1	81	28	90	33	53	5	60	7	59	8	50	44	72	40	76	30	82	25	61	43	65	49	92
8	0	6509	29	80	44	90	25	58	37	94	1	93	18	65	2	72	17	98	3	52	5	55	19	75	42	86	33	55	46	60	16	84	20	62	31	69	15	55	21	80	40	64	13	65	47	84	26	71	43	81	41	73	23	93	32	93	6	59	48	51	36	55	30	93	24	50	14	79	4	70	35	61	22	53	38	95	39	98	0	72	34	57	45	91	8	73	10	78	28	99	27	59	12	55	9	51	7	63	11	76	49	88
7	0	7232	36	96	20	81	6	52	34	89	7	81	42	92	43	77	38	51	25	96	41	51	40	98	3	81	15	62	23	55	1	54	10	61	4	99	16	63	37	55	11	94	45	77	49	68	9	75	32	99	33	99	21	70	18	98	44	72	19	64	47	63	8	64	39	88	27	92	24	66	17	66	14	51	28	85	29	98	46	91	0	82	13	95	2	51	48	90	12	99	5	59	22	60	26	77	31	96	30	57	35	68
2	0	6403	42	97	9	63	41	60	37	60	19	66	22	68	36	73	31	91	26	63	43	82	38	54	12	91	28	52	1	82	24	86	11	73	17	82	23	51	18	91	14	74	8	98	33	74	16	76	4	85	7	67	44	68	0	99	20	73	3	84	32	60	48	55	30	99	34	72	46	84	40	53	27	50	35	73	47	84	13	82	45	75	10	59	39	82	6	83	5	56	2	75	21	55	29	51	49	77	25	95	15	86
1	0	6677	24	52	31	68	9	62	35	86	49	77	48	97	32	96	40	80	45	95	36	62	0	60	22	79	6	71	42	56	10	93	30	74	41	80	43	98	20	56	19	74	11	86	14	92	37	62	12	57	46	76	7	61	16	75	15	72	25	64	13	93	3	58	44	77	2	57	21	69	28	99	29	94	5	87	8	62	26	88	18	57	33	50	27	58	4	90	1	58	23	92	38	96	34	71	39	79	47	97	17	86
7	0	5507	29	80	24	59	28	54	10	97	1	80	5	54	33	59	27	71	47	65	26	63	37	78	17	53	32	64	7	94	8	96	22	78	3	57	9	65	46	90	34	78	18	83	20	50	31	86	40	63	35	69	14	82	4	72	2	50	15	87	44	70	6	92	12	75	16	50	49	70	11	65	25	57	0	57	38	70	30	50	19	71	48	70	36	93	13	55	45	92	21	60	43	52	39	82	23	71	41	55	42	81
2	0	5969	17	82	11	60	14	76	30	92	35	96	47	94	22	54	40	55	4	54	24	60	32	60	31	86	39	58	7	59	1	78	6	78	41	98	13	87	12	75	19	52	29	99	9	95	33	70	18	99	42	68	26	84	34	54	25	56	16	51	21	53	0	61	49	77	48	56	27	65	15	95	37	97	5	94	2	92	8	73	38	68	3	63	23	61	28	67	45	82	44	88	10	82	43	98	36	59	46	50	20	72
7	0	6416	49	72	7	62	40	85	22	98	26	65	18	77	48	64	43	99	11	79	33	73	14	74	21	88	45	62	2	75	8	72	30	80	5	73	17	96	13	64	42	58	44	72	46	56	36	51	3	84	37	71	20	72	0	63	9	61	32	84	12	84	27	85	23	53	39	88	34	83	19	96	24	54	10	80	38	50	28	93	1	79	25	58	4	51	35	60	6	58	41	83	47	87	15	53	29	54	31	93	16	97
9	0	6381	35	97	37	91	16	90	28	61	25	90	47	66	43	96	14	61	20	76	42	62	30	73	38	90	15	67	21	63	27	58	29	94	32	73	4	96	33	99	9	79	18	95	2	62	11	99	1	76	13	96	17	62	22	71	5	97	31	79	19	56	45	77	26	54	0	93	24	71	40	66	34	81	10	61	8	66	41	66	3	78	36	75	46	65	6	94	23	62	48	75	44	93	39	94	7	95	49	99	12	56
1	0	6167	29	91	43	95	35	77	22	70	11	71	2	94	19	74	21	64	45	63	34	71	33	55	15	54	13	57	0	66	25	77	36	79	16	62	38	95	12	53	39	99	20	96	8	65	17	80	27	82	46	68	7	52	10	77	14	55	3	59	42	85	32	95	9	74	37	64	23	56	49	60	4	78	41	98	40	83	1	53	48	65	6	71	47	70	44	71	28	64	26	68	5	99	24	82	30	91	18	91	31	95
3	0	7216	7	90	8	74	33	89	29	85	19	53	41	54	28	98	34	81	12	94	40	51	0	87	36	79	13	99	42	67	26	54	1	82	5	94	27	68	20	74	35	93	39	61	25	85	22	50	49	96	47	95	15	62	37	61	9	56	11	89	38	69	17	60	48	88	10	91	16	84	24	56	44	82	14	80	31	93	46	92	45	88	21	91	23	74	43	88	6	52	30	73	4	63	18	89	2	98	32	67	3	71
4	0	6429	18	53	15	97	26	56	21	70	17	64	20	86	41	97	37	85	30	92	8	67	1	87	4	57	23	58	45	66	5	88	2	82	25	50	11	96	48	82	12	94	14	96	47	93	6	66	31	70	27	62	10	66	38	51	3	80	44	68	13	63	40	80	33	72	24	64	35	88	49	56	34	64	0	61	36	86	7	84	29	99	22	65	16	88	9	89	43	88	32	71	39	64	19	62	42	91	28	89	46	58
1	0	6314	9	88	12	57	34	97	16	81	49	65	4	85	13	81	5	70	29	66	3	95	45	54	35	81	15	55	39	63	6	55	32	56	48	65	43	67	37	93	18	91	28	59	41	81	21	98	30	56	11	70	46	81	8	50	14	50	33	52	42	80	0	80	31	56	24	80	36	94	10	78	1	88	23	89	40	58	2	68	44	92	38	89	47	82	17	84	20	67	22	87	19	82	7	80	25	79	26	50	27	68
3	0	5674	12	68	2	77	22	57	25	68	19	86	27	84	16	58	29	74	3	71	32	95	10	94	6	72	28	93	43	68	34	60	31	64	15	58	46	76	8	70	45	55	30	97	5	63	35	70	23	76	42	89	24	92	49	51	40	76	36	58	21	76	39	55	9	90	17	89	7	90	13	65	48	75	20	81	41	96	38	85	44	60	11	96	37	99	33	61	47	87	0	74	4	51	1	94	18	70	14	67	26	74
7	0	5807	13	57	2	93	27	83	14	94	29	98	5	66	40	78	17	68	48	85	41	92	49	62	6	89	26	92	3	50	12	69	42	68	45	63	32	92	36	51	46	51	44	61	34	71	37	74	47	60	21	56	8	68	33	85	39	92	18	91	25	99	7	68	22	70	0	72	1	73	10	58	20	62	28	93	24	87	35	61	30	85	38	71	15	68	4	51	9	93	31	81	23	85	16	93	43	65	11	66	19	57
5	0	6119	48	50	21	87	16	90	22	72	29	60	34	98	43	57	8	75	37	85	14	72	33	92	30	66	19	64	4	88	23	70	26	99	13	87	24	71	20	58	27	89	1	61	5	99	15	69	45	84	39	68	18	83	11	84	28	91	7	64	46	79	47	94	17	65	41	85	12	89	0	67	38	73	32	74	9	67	6	83	3	62	49	62	36	95	25	51	10	79	35	54	31	86	2	78	40	58	42	80	44	72
9	0	6587	29	97	36	73	16	90	9	96	37	74	42	95	7	78	13	68	15	60	22	55	26	63	24	86	18	83	33	71	14	69	23	90	11	77	32	93	31	57	5	97	0	70	8	74	48	90	35	91	39	60	47	88	44	74	34	90	28	57	38	70	4	57	12	96	21	54	43	75	1	82	27	90	25	78	19	65	3	83	6	50	40	92	46	97	10	56	17	76	2	76	49	56	45	61	20	96	30	76	41	54
5	0	5996	17	54	1	85	24	97	44	55	6	74	21	65	33	60	32	54	49	74	47	53	8	54	3	57	14	51	31	63	16	96	34	91	13	51	41	81	27	64	23	73	48	69	10	99	38	94	0	84	40	70	28	81	11	65	26	86	42	91	7	59	46	58	30	88	19	52	5	51	45	55	35	85	25	54	29	66	12	90	43	56	18	50	22	62	39	94	20	57	4	57	37	63	36	84	9	59	2	70	15	52
5	0	6195	15	92	1	91	14	85	43	72	2	59	47	94	38	97	40	89	16	86	12	60	34	89	5	72	29	84	44	72	17	87	6	88	23	84	39	73	26	77	35	99	21	85	33	61	45	76	7	79	22	56	27	84	31	95	11	50	9	95	32	89	28	94	0	72	20	63	18	50	13	79	30	91	25	89	46	50	3	88	42	72	49	79	10	89	36	86	8	85	4	76	19	52	24	71	48	87	37	75	41	88
5	0	6778	15	77	10	64	27	69	48	97	22	89	6	70	24	71	33	65	34	81	45	59	13	76	23	84	21	92	3	50	5	85	2	55	47	91	38	51	16	60	19	57	4	79	12	57	20	84	18	54	7	71	25	92	43	60	49	76	42	94	41	75	46	97	44	53	8	55	32	82	37	73	31	61	29	66	28	74	14	79	11	70	1	74	30	63	40	55	36	67	35	87	39	50	17	88	0	94	26	60	9	69
1	0	6922	33	54	35	58	9	88	36	92	27	84	1	83	22	85	28	72	2	63	7	79	46	65	39	57	10	73	37	58	3	79	4	85	42	57	38	57	11	90	13	84	17	79	48	73	40	56	5	59	49	89	44	67	23	72	19	98	15	64	8	80	12	71	29	61	16	51	0	66	45	60	6	99	43	75	34	94	31	98	14	51	18	89	26	61	47	64	24	51	41	78	30	80	32	78	20	56	21	88	25	80
1	0	6760	42	93	39	99	21	99	6	62	30	84	13	63	15	53	9	64	16	79	22	70	27	90	37	66	4	62	17	73	33	70	31	97	29	69	8	65	14	67	46	77	41	78	34	69	5	54	26	57	36	71	38	83	3	73	7	94	45	65	2	62	10	53	35	94	23	87	18	88	43	73	28	71	32	57	20	92	19	63	48	76	12	61	49	51	11	91	0	79	40	82	44	52	24	77	47	54	25	94	1	75
8	0	5904	26	85	31	65	45	86	40	82	21	88	10	66	28	83	7	52	16	86	46	88	17	79	6	98	23	70	39	88	34	61	37	68	35	90	43	64	5	59	24	77	2	89	44	64	18	54	8	90	22	85	29	63	4	71	41	98	25	96	33	61	15	78	11	91	1	87	13	93	14	90	12	71	30	86	27	50	0	75	20	83	48	55	49	53	47	91	36	89	3	77	9	75	38	66	19	94	32	74	42	59
3	0	5694	46	62	34	82	36	85	32	77	29	75	35	56	6	81	16	77	24	61	2	84	26	51	28	51	25	65	13	93	33	56	4	70	19	55	48	65	22	92	42	69	44	60	9	65	49	95	0	57	43	66	3	50	37	72	40	93	47	52	39	84	45	71	17	90	1	57	18	92	12	54	20	72	10	70	5	97	30	58	14	94	41	55	11	59	15	70	38	75	23	90	31	79	21	56	27	59	7	77	8	55
7	0	5578	27	98	35	75	36	81	14	77	26	95	45	88	9	71	29	78	3	54	39	84	18	59	11	54	8	68	44	55	22	66	2	99	23	89	40	70	34	86	48	69	28	55	38	64	13	67	4	97	0	67	43	51	5	98	19	53	30	98	25	99	16	58	41	72	33	95	24	93	21	68	12	87	1	73	17	57	37	66	20	64	32	63	6	75	15	67	7	64	46	76	47	88	42	56	10	71	31	50	49	54
8	0	6189	15	75	6	86	9	61	25	58	22	64	5	50	3	94	2	77	21	75	20	89	38	60	40	98	30	70	47	52	37	84	24	91	18	53	16	76	44	88	45	98	49	54	32	85	10	89	41	60	46	98	17	84	12	90	1	85	19	71	36	75	11	82	8	61	31	94	34	52	29	55	27	60	39	52	33	66	13	73	14	76	35	57	48	78	26	61	42	61	43	79	4	79	7	77	0	96	28	89	23	89
3	0	6872	29	51	42	52	7	72	17	59	45	71	30	64	5	50	44	72	27	95	13	52	26	81	23	96	24	97	28	64	49	78	15	61	9	97	41	90	20	50	43	66	18	90	0	72	14	91	48	91	31	96	8	75	21	79	36	57	46	67	37	85	33	50	32	70	40	75	25	82	10	61	38	79	4	75	1	53	11	74	12	52	19	57	2	50	39	93	3	53	34	86	16	57	22	58	47	71	35	80	6	55
7	0	7108	0	61	29	95	40	96	44	66	12	98	7	97	6	84	24	71	19	91	25	61	1	93	45	50	16	73	48	96	37	88	13	75	23	92	4	70	20	93	34	98	9	54	47	76	3	59	22	72	36	63	15	99	21	84	33	72	32	53	2	58	14	51	28	79	42	78	41	99	11	53	49	55	31	98	10	80	17	93	43	96	46	67	30	75	35	50	26	71	39	54	27	72	38	52	5	96	18	89	8	75
2	0	6976	45	57	19	89	6	66	20	60	18	74	30	50	7	93	13	90	44	59	1	54	42	92	37	81	17	98	16	53	5	54	31	72	24	85	41	74	26	77	46	80	25	84	40	50	23	78	38	86	28	90	34	85	15	52	8	99	9	57	48	86	49	87	47	57	10	74	29	93	22	88	32	71	12	57	21	69	43	99	11	59	0	66	14	61	39	79	35	81	33	97	27	77	4	91	3	77	36	68	2	83
7	0	5511	38	61	1	57	20	93	33	81	18	96	43	72	45	87	2	56	24	61	7	62	23	66	48	65	8	75	46	52	9	51	21	70	35	60	13	72	11	79	40	98	42	59	26	93	5	73	49	90	31	65	41	57	16	97	17	61	29	94	28	87	12	85	0	71	25	96	44	69	15	73	14	90	30	66	19	63	27	75	39	73	37	72	36	97	10	81	32	78	4	53	47	85	22	87	3	63	34	84	6	79
7	0	6953	4	90	33	79	32	56	44	93	20	74	35	97	11	68	8	61	23	59	47	95	10	72	19	53	29	57	14	87	13	56	22	61	6	94	41	56	38	98	5	52	45	97	46	72	17	94	24	71	40	85	3	70	34	87	1	77	49	75	2	72	12	51	30	75	48	94	15	67	18	89	16	69	31	86	27	81	36	94	39	76	0	77	37	95	42	76	9	61	21	63	25	94	26	64	43	98	7	78	28	64
9	0	6561	10	93	46	84	30	54	6	92	3	78	45	56	44	85	32	80	17	64	31	87	5	98	11	89	36	99	25	90	33	65	14	90	20	52	37	88	47	83	38	87	2	55	0	95	41	92	35	85	26	82	4	64	12	94	24	65	1	67	19	89	40	56	21	67	16	89	39	76	8	86	7	65	22	86	48	84	42	69	23	53	9	50	34	94	27	55	49	98	43	71	18	94	13	75	28	64	15	92	29	64
7	0	5900	47	58	27	60	22	64	42	59	8	81	26	94	7	88	46	62	13	94	11	52	23	85	24	89	21	83	43	79	15	96	1	71	32	86	49	85	40	57	38	84	10	67	18	71	48	92	0	54	9	75	16	76	12	58	2	59	45	89	35	97	5	62	39	50	37	53	30	61	44	55	14	55	6	89	17	68	36	77	34	95	28	58	19	63	29	80	41	78	4	88	31	88	20	74	33	85	3	69	25	85
2	0	6092	28	94	27	99	35	78	8	56	26	75	39	78	17	90	24	75	7	93	45	71	34	55	0	51	6	56	16	96	3	74	32	51	31	74	23	99	22	58	43	58	37	55	40	83	41	93	36	77	42	98	9	92	4	79	46	58	15	53	33	56	20	52	14	82	19	62	21	84	1	88	44	86	25	76	29	76	10	75	48	70	5	74	49	87	38	81	2	96	47	82	13	81	18	63	30	64	11	94	12	51
9	0	7023	38	59	30	76	12	75	26	85	43	93	13	61	7	96	1	77	14	50	31	54	21	63	22	88	10	77	5	73	9	97	35	84	4	68	40	71	6	54	39	67	34	54	17	60	49	60	18	62	37	72	45	64	44	53	24	58	3	83	29	93	32	81	19	92	41	66	20	96	0	76	23	87	15	80	42	79	33	75	2	74	27	79	16	65	46	69	8	74	25	53	36	79	28	93	11	91	48	73	47	76
9	0	6081	48	86	6	87	26	87	32	66	28	63	45	62	16	68	10	76	2	61	5	92	34	78	37	60	12	99	0	86	1	80	9	56	22	91	11	77	4	60	20	70	13	78	35	79	19	88	41	84	27	99	24	58	40	65	25	66	44	89	30	90	3	56	49	80	15	54	47	65	42	69	39	53	7	52	17	59	33	69	18	56	31	88	23	82	14	57	21	75	36	69	46	84	43	55	8	78	38	53	29	84
3	0	5512	49	91	11	70	8	99	47	57	15	98	22	60	1	62	27	89	13	94	17	62	10	79	29	82	42	50	2	65	5	64	14	85	3	80	24	70	9	61	31	63	48	80	32	74	4	94	34	98	45	85	20	56	16	52	7	57	40	86	12	84	43	77	19	81	30	67	25	54	0	72	36	72	39	58	23	82	21	74	37	94	18	70	28	58	35	97	33	52	41	50	46	93	44	64	26	66	38	71	6	86
8	0	5768	44	93	36	56	3	76	4	68	22	96	32	96	30	70	46	94	35	87	33	75	5	53	8	65	24	79	37	55	7	72	25	71	31	60	1	58	10	51	39	68	12	86	0	86	14	70	34	53	45	53	26	53	16	86	15	84	42	58	28	66	6	83	40	71	19	53	20	55	48	80	18	81	9	75	23	53	38	77	2	58	49	99	41	85	43	71	13	57	11	98	27	66	17	50	47	79	21	64	29	60
4	0	6081	13	63	6	91	37	52	21	88	23	91	25	95	40	67	20	58	3	92	5	97	28	81	12	55	24	66	16	79	46	70	27	79	10	60	44	76	7	61	39	85	0	61	31	61	8	65	42	58	35	82	45	59	30	81	41	64	14	85	9	83	48	97	34	54	11	89	18	97	33	66	38	78	2	62	36	70	49	96	47	55	4	54	43	69	15	68	32	82	29	61	17	69	19	72	1	73	26	60	22	57
2	0	6919	49	71	16	84	48	62	33	75	7	90	12	79	4	64	21	57	0	55	31	95	17	69	14	63	32	98	8	53	35	59	13	92	45	84	2	78	24	72	38	93	47	67	44	61	25	84	29	97	19	98	5	71	22	54	11	99	46	84	41	96	42	63	39	86	18	93	9	79	43	53	26	99	28	75	20	80	10	59	27	65	3	77	1	58	23	99	40	83	6	98	15	87	36	55	30	90	34	92	37	87
8	0	6689	13	95	37	85	43	96	7	95	27	58	9	86	42	52	21	70	17	60	46	54	5	69	24	57	45	89	29	98	31	70	47	89	35	98	34	99	23	63	22	69	25	91	2	93	39	95	26	77	32	85	20	68	48	73	1	67	15	62	16	85	4	96	11	80	44	57	19	64	8	89	14	71	10	69	12	84	6	56	33	95	36	55	41	70	18	79	49	72	28	95	3	62	40	90	38	88	30	95	0	81
8	0	6084	30	79	29	97	10	78	35	72	41	86	22	52	48	55	27	61	14	74	2	51	0	80	19	80	25	96	1	79	38	82	47	84	3	92	26	62	13	90	40	78	32	97	33	68	39	57	8	88	20	85	15	60	23	63	42	60	46	85	17	86	24	64	36	82	4	50	34	78	16	74	37	78	5	50	28	50	45	85	21	57	11	96	12	75	44	52	6	81	43	76	18	93	31	53	49	62	9	84	7	53
5	0	7182	46	58	48	89	41	55	44	53	24	68	22	68	18	91	21	56	38	85	9	62	15	92	14	67	33	96	28	56	10	53	47	51	40	92	39	67	45	89	31	99	20	50	5	94	0	96	4	92	19	87	36	70	42	73	23	84	29	71	13	83	26	53	32	77	49	80	34	68	30	93	12	77	37	79	1	55	2	66	35	99	43	74	7	63	3	83	27	52	16	52	11	80	8	99	25	95	6	63	17	67
6	0	6613	21	71	29	70	32	97	30	64	44	66	27	92	48	79	19	77	47	82	37	70	9	61	49	92	3	92	31	67	35	91	17	61	39	75	7	96	38	99	0	82	8	96	15	62	13	81	6	57	22	88	24	83	42	92	45	53	11	63	36	74	2	52	16	79	28	58	25	80	20	93	43	84	14	95	41	87	40	75	46	62	1	88	26	95	23	59	34	79	33	71	4	57	5	90	10	77	12	52	18	77
8	0	6808	2	99	4	54	34	72	9	51	37	71	27	75	0	95	10	56	44	71	45	88	3	60	33	53	13	70	28	69	49	80	26	95	11	92	43	73	20	80	12	70	19	69	23	72	14	77	31	79	8	72	32	52	5	52	46	64	29	63	25	76	24	63	36	54	17	84	16	58	41	83	30	92	35	98	48	86	1	89	6	69	22	54	7	99	21	82	39	91	38	67	15	96	40	54	42	98	47	60	18	55
7	0	6396	41	57	49	66	11	93	43	77	26	76	38	63	6	85	34	62	5	75	18	73	39	79	12	83	15	56	46	54	40	95	16	75	25	50	20	99	7	50	9	60	3	98	27	87	13	50	44	70	36	61	30	66	24	81	29	80	22	77	28	95	2	75	35	93	0	53	21	64	17	52	1	87	19	78	48	64	33	95	47	98	31	81	42	72	45	65	4	60	37	51	23	63	32	61	10	81	14	63	8	90
1	0	6189	40	63	0	51	49	63	42	90	16	58	20	89	41	68	43	97	8	62	13	78	35	67	22	74	9	68	11	68	33	81	27	66	24	57	25	61	47	68	44	81	5	96	2	85	30	96	3	78	29	63	34	50	39	52	19	77	28	96	17	74	6	50	14	52	46	51	48	82	1	59	32	66	12	94	37	60	26	86	10	77	4	72	38	61	15	68	7	79	21	66	23	50	31	91	45	51	36	95	18	62
8	0	5555	31	91	41	57	24	63	35	64	36	51	13	60	21	59	3	99	4	87	30	83	32	55	7	76	28	98	47	76	16	84	22	62	27	75	18	78	12	85	20	87	1	74	49	72	45	60	15	66	5	56	33	71	19	68	23	86	46	87	25	98	38	66	29	76	11	76	17	95	43	77	42	58	39	89	10	74	0	85	14	73	37	51	44	81	34	99	48	97	40	72	8	80	9	87	6	75	2	97	26	89
2	0	5960	40	58	26	85	19	80	24	84	36	55	30	89	2	52	8	79	9	93	7	67	41	65	14	96	22	74	43	89	29	51	45	95	13	78	16	78	5	88	21	67	32	79	6	62	25	77	11	78	4	51	18	52	1	74	31	97	37	78	10	57	15	82	48	51	44	99	47	79	12	95	46	73	28	53	35	78	0	53	23	76	38	86	34	99	49	78	42	58	17	56	39	54	20	98	3	91	27	78	33	58
1	0	6860	30	79	19	76	9	99	12	89	39	62	15	60	34	64	4	94	2	93	33	69	28	78	6	67	40	54	29	66	13	50	47	58	17	73	10	91	26	92	32	57	46	66	38	97	44	68	31	99	49	54	36	99	14	63	11	98	20	67	5	74	22	71	21	98	35	66	18	72	7	64	41	73	3	58	48	90	1	98	43	61	42	99	45	60	25	99	37	71	0	94	27	55	24	55	23	92	16	59	8	99
9	0	5682	3	68	45	99	10	97	35	59	5	70	14	81	47	68	8	97	4	82	37	95	6	81	44	92	42	51	9	82	38	95	40	69	27	70	13	99	24	78	2	84	36	87	30	51	11	84	39	84	31	87	1	98	26	62	19	82	21	71	41	69	12	88	7	72	49	59	33	91	28	63	43	98	46	96	48	97	34	61	16	94	15	97	29	77	18	60	32	67	17	88	0	72	22	60	20	81	23	53	25	89
9	0	6540	21	62	15	66	33	60	46	67	41	74	34	69	3	77	10	93	11	78	0	59	35	80	8	55	13	60	27	50	32	97	25	52	17	72	40	70	19	64	26	55	36	52	44	70	1	87	22	58	16	76	12	73	37	56	45	63	38	53	47	76	6	67	5	84	48	93	23	50	7	81	2	97	39	84	20	99	14	99	42	88	28	56	31	58	4	78	30	68	49	96	9	74	18	51	29	58	43	79	24	93
9	0	6592	10	94	19	94	14	53	3	76	40	61	15	81	28	58	38	77	41	83	49	53	33	80	31	98	9	89	2	62	26	54	21	74	22	52	23	91	48	76	47	60	34	81	13	52	11	95	45	82	20	87	5	62	17	96	18	95	29	58	12	92	46	84	44	62	32	97	42	50	6	69	1	64	25	90	0	87	39	53	36	84	16	52	7	80	35	76	27	84	30	67	43	82	4	93	37	61	8	55	24	70
6	0	6852	28	84	25	66	4	79	45	73	49	58	41	89	42	72	23	67	10	66	34	74	6	65	13	83	11	63	44	71	8	76	36	65	22	89	21	64	27	52	12	78	46	78	5	70	1	53	38	88	30	74	9	74	39	50	0	83	35	75	40	65	2	74	19	90	26	67	32	51	47	82	14	54	7	89	3	59	43	81	20	86	29	79	37	97	16	64	24	69	33	54	15	52	18	78	17	52	48	82	31	66
8	0	6088	39	53	5	57	22	61	12	54	21	56	2	92	19	91	35	50	31	61	36	91	24	87	16	68	29	88	46	84	34	77	1	59	11	69	23	69	33	74	15	87	25	89	8	94	48	63	18	50	10	79	37	74	44	86	4	62	20	88	6	90	49	85	7	57	13	78	26	78	28	72	45	57	0	55	38	89	9	50	47	97	27	74	43	67	30	94	40	77	14	64	41	88	17	68	3	99	42	69	32	79
1	0	6485	26	96	23	72	37	83	5	84	7	66	30	68	3	64	4	95	17	61	28	82	46	54	45	68	35	60	13	80	49	54	21	52	34	54	32	66	14	54	42	93	18	93	19	74	43	59	11	79	16	99	20	75	40	97	33	88	48	75	9	62	24	90	6	86	29	96	36	86	25	50	1	54	47	74	31	88	15	52	10	67	8	91	0	67	12	85	39	88	38	66	27	55	41	85	22	98	2	78	44	80
6	0	6229	1	99	4	61	3	95	32	99	14	82	43	65	6	87	48	99	7	55	44	90	11	77	25	69	45	93	35	75	26	80	12	71	19	76	37	95	10	54	40	76	16	50	30	84	9	93	24	98	33	93	21	83	0	92	41	82	36	70	20	76	17	83	39	87	34	56	38	59	29	59	5	60	27	80	47	81	15	88	13	92	18	57	8	50	23	54	22	69	49	52	28	79	46	71	42	90	2	59	31	79
1	0	7452	2	69	45	60	0	54	22	91	8	77	20	73	44	91	42	83	13	86	16	83	4	92	25	55	1	64	15	95	49	65	3	76	38	62	36	92	40	64	5	85	28	65	21	89	18	96	43	84	37	91	39	60	31	79	47	88	17	78	34	56	23	85	24	94	12	66	33	59	30	78	10	63	14	95	11	84	29	56	46	89	27	56	7	88	41	59	35	76	48	80	19	59	26	85	6	70	32	80	9	88
5	0	6740	30	68	29	54	43	66	20	94	27	79	8	83	13	86	38	72	47	60	28	58	48	65	18	92	3	65	11	60	41	94	0	56	33	56	37	71	32	62	15	66	35	85	25	67	23	60	44	93	6	72	17	74	39	62	36	63	14	97	19	61	9	82	34	73	4	57	26	65	31	71	42	65	2	50	16	53	10	52	12	69	21	93	40	91	5	89	46	71	1	58	7	92	49	73	45	57	24	97	22	55
1	0	6839	28	86	15	53	49	56	14	70	22	58	16	68	38	83	1	60	21	77	34	85	43	64	24	81	12	86	8	90	32	85	36	93	47	57	44	51	48	94	42	72	0	76	27	64	17	90	19	68	31	85	40	66	20	68	5	58	10	57	45	64	9	72	39	79	2	57	26	51	11	96	4	93	41	72	23	62	30	96	6	54	35	84	3	85	13	78	18	93	46	88	29	75	33	56	37	93	25	60	7	87
1	0	5500	17	71	18	81	38	66	30	61	28	51	19	65	2	64	33	97	12	55	11	86	0	70	20	95	49	56	3	96	32	71	21	58	39	80	15	81	6	50	22	50	34	58	5	83	37	92	9	79	31	77	42	59	13	52	46	82	8	90	14	93	41	69	45	80	48	79	4	64	29	55	44	61	7	93	16	69	25	65	35	79	27	64	36	60	1	68	40	65	43	54	24	72	47	94	10	85	26	82	23	98
3	0	6104	15	70	2	86	1	77	23	63	12	60	4	74	42	89	48	90	31	97	39	55	5	71	3	71	14	52	18	95	8	95	0	71	34	85	49	68	13	94	37	61	25	94	36	53	29	69	27	82	40	57	46	96	7	53	35	65	17	68	30	72	16	58	47	95	41	65	26	76	9	71	6	50	24	78	19	79	22	83	11	54	43	61	20	57	44	54	38	97	21	79	28	75	32	92	33	71	45	87	10	67
6	0	6794	32	85	21	63	49	55	5	71	36	74	15	83	23	81	34	99	43	88	19	81	37	70	17	80	0	90	26	73	33	95	18	54	48	58	46	76	22	93	25	85	6	65	12	79	28	77	30	69	13	93	39	84	31	96	40	83	20	91	24	97	16	53	11	98	7	58	27	78	41	64	14	69	47	81	38	72	3	59	8	75	4	75	45	57	29	55	1	86	42	78	35	71	9	57	44	56	2	78	10	86
2	0	6047	45	66	49	94	17	94	9	89	3	52	7	92	46	85	8	60	14	55	41	77	22	54	38	84	43	75	20	93	33	66	39	51	15	77	27	84	28	58	32	94	35	99	4	81	19	85	24	75	0	87	40	53	42	89	5	60	23	65	26	60	12	67	21	82	30	86	36	68	13	74	47	89	6	98	25	84	29	95	10	97	18	98	1	74	34	53	37	59	11	54	31	59	2	67	48	56	16	56	44	88
5	0	6841	37	80	31	72	30	98	29	82	2	94	36	63	15	88	11	56	6	80	12	54	3	83	34	57	26	78	43	62	42	77	39	74	14	68	13	68	49	83	18	68	10	50	7	53	41	90	32	54	47	83	8	76	44	76	20	72	19	74	9	92	4	97	48	51	0	53	5	52	27	50	21	52	25	64	17	77	40	72	28	69	33	54	1	72	45	58	22	77	23	73	24	51	16	60	35	86	38	73	46	63
2	0	6634	23	94	12	64	27	77	17	71	36	99	1	72	42	69	20	77	13	76	22	73	4	53	0	89	24	56	37	61	9	97	26	82	18	55	41	93	11	68	33	55	47	69	43	74	39	95	6	56	29	60	25	95	45	72	38	96	14	53	49	51	30	69	31	71	34	91	21	80	35	56	48	69	16	99	2	50	40	87	3	59	5	89	28	51	7	73	15	67	32	64	19	72	46	65	44	82	10	71	8	76
6	0	6174	36	50	14	70	18	58	21	74	48	93	41	93	17	86	7	54	16	95	34	69	27	81	2	83	47	83	31	65	8	89	32	53	24	95	30	50	29	50	10	83	42	86	19	92	9	84	22	65	1	63	40	71	46	80	5	58	15	69	44	90	28	92	39	85	0	80	25	88	20	74	3	78	12	92	26	99	35	50	23	70	38	88	37	64	6	77	49	79	43	53	4	61	13	51	11	98	45	52	33	94
4	0	7224	5	62	14	71	18	71	45	61	43	72	44	67	7	97	30	96	22	68	2	59	12	79	24	79	46	76	47	75	19	82	6	76	8	55	36	75	23	82	10	92	9	59	1	68	16	79	38	88	35	72	11	97	26	99	3	97	27	78	34	74	20	65	41	58	28	67	13	66	25	63	49	84	29	89	21	56	15	84	37	91	48	73	33	62	4	84	42	68	32	99	31	57	39	81	40	55	17	57	0	87
4	0	7326	37	79	38	87	43	88	10	98	13	90	44	74	26	92	18	58	19	93	1	82	39	86	48	63	22	93	9	94	14	77	31	84	23	79	25	53	11	94	30	51	49	75	7	77	33	74	3	57	35	76	15	89	29	99	41	55	12	54	42	59	28	59	45	97	4	59	47	65	16	62	27	86	0	96	2	58	36	77	17	97	21	82	6	64	24	70	5	65	34	74	20	83	32	87	46	99	40	86	8	97
9	0	6665	14	69	41	57	36	62	32	81	19	73	38	74	12	50	9	68	7	65	1	80	26	54	21	63	11	63	3	61	8	79	2	78	31	83	5	52	39	73	48	93	23	90	25	89	17	56	45	83	29	93	16	64	40	98	37	73	18	55	42	73	4	85	30	68	27	89	24	79	43	81	22	52	33	61	0	83	47	86	35	66	49	79	20	86	15	78	13	70	6	77	10	70	46	88	28	56	34	93	44	80
7	0	6562	8	89	30	86	1	53	48	86	31	85	27	68	38	61	4	79	5	61	36	60	2	77	9	65	39	95	28	58	10	78	47	61	22	62	44	51	17	84	13	63	33	95	16	95	24	89	19	66	12	57	40	69	0	94	21	91	42	72	3	76	32	87	49	82	18	58	20	55	25	93	23	52	29	98	7	62	26	98	41	70	6	90	14	75	43	80	35	69	15	73	34	53	45	63	37	78	46	78	11	89
3	0	6014	36	82	19	58	49	84	11	71	32	64	15	87	28	80	38	83	4	79	24	91	39	69	3	73	47	84	0	95	20	62	31	54	45	95	16	59	22	76	29	97	6	83	34	55	25	79	37	52	27	51	42	99	2	89	21	54	14	58	30	57	9	76	7	75	35	95	12	73	43	63	23	67	46	69	40	68	8	60	33	53	26	65	5	70	17	81	18	72	13	88	1	64	44	92	48	75	10	83	41	80
5	0	6620	26	95	29	65	28	75	39	66	0	74	7	52	6	96	27	77	43	90	14	89	10	91	8	61	3	96	47	72	5	52	48	58	13	92	2	52	12	99	35	60	44	94	32	85	21	79	25	78	46	76	16	69	15	66	37	70	36	97	20	81	49	75	17	70	1	54	41	87	19	95	23	53	42	97	33	50	30	53	22	74	45	57	9	98	11	77	4	52	38	94	24	94	40	58	31	78	18	91	34	52
5	0	6799	21	50	27	64	31	72	33	98	48	60	49	84	24	63	36	58	12	70	11	95	3	58	13	90	9	79	29	63	19	74	1	76	0	89	4	75	16	90	32	51	23	85	20	50	37	74	42	80	25	53	44	51	7	62	6	75	39	66	5	94	22	65	41	74	8	91	40	93	35	91	10	80	30	56	14	64	45	76	28	84	46	70	17	81	43	75	2	74	26	55	47	50	38	55	34	57	15	95	18	61
1	0	7401	11	67	18	57	20	59	2	77	1	73	46	62	10	93	25	93	42	79	13	81	33	79	49	98	45	73	36	79	16	88	30	81	28	79	37	80	26	75	19	77	24	52	31	87	7	67	44	51	41	95	32	80	39	60	15	80	22	82	5	91	23	52	21	87	8	91	40	78	0	54	43	80	34	52	48	62	47	61	29	74	38	84	12	93	3	77	14	64	17	59	4	61	27	74	35	77	6	61	9	54
4	0	6199	37	73	43	82	44	60	7	58	26	50	33	68	4	56	11	99	8	65	24	97	48	86	2	56	34	60	27	54	45	99	32	71	0	74	49	55	5	95	30	60	15	96	18	74	47	78	12	57	21	93	9	99	1	69	29	80	17	52	13	54	23	65	28	90	46	80	20	78	36	62	38	94	31	82	25	84	3	90	35	79	6	59	16	89	42	94	10	54	40	81	41	58	14	86	19	75	22	74	39	94
8	0	7356	37	76	18	67	16	70	15	84	44	99	41	69	1	60	36	92	7	88	28	54	35	93	48	82	0	88	42	73	17	50	5	85	4	90	29	86	43	76	8	60	31	55	38	78	25	87	6	97	3	50	9	85	22	75	20	74	32	74	2	98	19	73	14	97	12	54	34	63	10	92	27	95	23	71	39	85	30	71	24	62	47	76	13	74	45	52	21	79	11	90	49	95	26	53	33	76	40	78	46	75
3	0	6533	32	91	46	69	2	77	17	74	28	54	40	92	30	79	31	71	42	54	19	71	0	52	7	59	26	97	25	58	3	80	11	98	20	64	33	98	35	52	41	80	23	93	47	81	45	79	14	94	15	99	5	70	8	83	38	73	22	99	18	74	29	69	39	84	1	93	9	50	16	64	24	61	21	56	10	86	43	64	37	82	12	62	6	53	48	57	36	88	49	72	13	60	27	71	34	78	44	84	4	67
2	0	7329	11	73	16	56	27	77	48	95	5	96	3	72	10	69	41	60	34	77	29	70	32	68	47	60	35	95	13	63	20	76	18	78	43	52	22	57	49	89	4	78	37	80	39	61	23	64	40	72	2	95	42	77	6	62	14	97	44	91	1	98	7	68	8	66	9	86	45	65	30	98	15	55	38	57	17	54	33	76	0	66	12	97	26	64	24	55	28	57	19	99	25	79	46	50	36	68	31	95	21	55
2	0	6423	11	94	18	98	16	77	25	97	2	51	43	57	15	94	45	68	19	53	0	81	27	83	28	85	49	80	22	89	20	65	1	73	36	96	39	95	46	98	12	53	48	86	44	79	9	84	7	98	31	78	41	74	17	85	32	71	33	51	30	70	47	61	8	81	23	87	34	85	21	62	26	90	42	82	37	67	35	78	24	83	3	54	6	61	13	72	29	92	4	84	10	52	38	70	40	78	14	54	5	62
6	0	6201	34	99	47	66	45	53	48	76	13	59	29	70	46	93	44	57	23	78	19	88	4	76	32	92	22	73	24	89	30	69	27	69	11	55	3	77	14	88	26	70	31	51	33	76	25	83	21	71	16	75	5	90	40	50	42	95	20	57	10	87	39	62	2	83	0	84	18	99	41	63	6	92	9	90	49	75	15	71	12	97	17	84	1	56	28	87	37	94	7	96	8	96	36	59	43	71	35	54	38	89
3	0	6947	27	60	31	59	37	65	13	52	33	53	49	68	44	90	40	52	34	69	36	95	11	57	19	90	1	55	48	69	42	71	25	71	30	68	15	72	9	79	20	61	18	73	29	51	35	71	45	55	16	80	8	76	3	85	17	92	47	67	24	91	6	91	23	82	4	60	32	51	38	86	28	61	12	61	0	92	5	85	22	85	41	67	10	55	26	58	2	90	7	76	46	53	39	71	43	50	14	51	21	78
3	0	7213	24	61	9	98	17	77	15	52	7	70	10	91	47	80	3	63	44	78	32	57	34	53	21	89	14	86	1	61	46	52	42	73	4	70	26	93	30	88	8	71	19	94	45	65	11	50	13	65	20	52	18	76	28	84	0	83	37	75	25	64	31	83	41	68	36	54	23	73	40	61	27	87	43	52	39	86	38	86	6	60	22	52	5	54	29	54	12	81	49	58	35	83	48	94	16	58	2	54	33	50
2	0	7059	23	89	27	66	26	62	6	63	11	91	32	80	9	93	14	93	8	91	7	61	12	57	43	66	35	71	24	50	1	94	44	74	41	94	10	62	3	52	29	76	18	95	21	94	40	99	0	99	25	57	33	80	28	50	17	62	15	64	46	83	16	70	42	84	19	88	45	73	13	78	49	72	47	78	2	68	37	56	4	99	36	93	31	79	48	56	39	89	38	92	20	76	5	88	34	80	30	59	22	88
7	0	6728	32	53	11	61	2	67	28	52	10	90	8	58	0	92	22	77	48	82	47	70	18	84	3	57	27	57	25	74	45	97	39	68	41	68	43	62	46	98	1	59	15	80	16	59	14	76	31	66	12	68	13	66	24	98	33	87	6	76	36	70	37	52	29	69	30	60	40	51	17	75	23	74	4	60	20	95	34	74	5	83	7	65	19	94	38	89	44	67	35	52	9	85	21	51	26	61	49	76	42	86
2	0	7394	16	72	29	88	0	60	49	53	36	86	7	75	19	58	6	97	46	84	34	53	48	57	15	66	10	61	30	73	21	94	14	53	17	85	28	73	12	81	3	87	18	88	44	57	24	81	35	83	43	76	20	72	41	86	27	52	42	54	2	68	11	93	23	81	5	69	9	61	39	98	31	66	25	81	13	88	8	74	38	59	4	65	33	99	37	72	26	71	40	66	22	99	32	53	1	50	47	86	45	89
8	0	6623	3	98	11	87	25	84	32	83	46	56	31	87	39	64	45	76	5	68	17	61	34	98	18	77	0	91	10	79	8	91	49	63	1	62	33	73	29	54	28	86	15	62	47	57	44	58	13	52	37	74	30	76	2	78	48	67	27	54	41	54	9	83	12	96	21	94	19	96	26	88	23	69	6	82	7	59	35	57	36	51	14	70	16	56	24	64	43	58	20	68	4	51	38	71	22	69	40	58	42	80
6	0	5820	21	76	19	94	4	72	40	98	45	82	31	55	13	58	7	93	37	90	17	51	29	50	33	69	10	88	49	95	28	98	36	88	5	76	0	53	47	71	15	68	16	62	32	71	27	93	23	67	6	69	22	81	30	57	8	63	25	98	42	96	34	70	39	55	38	73	44	93	3	63	26	77	1	95	18	57	9	68	14	71	2	97	11	61	12	90	24	57	48	62	20	58	41	89	46	66	43	80	35	67
1	0	5596	14	56	26	58	43	66	44	74	4	78	8	63	5	93	11	56	25	56	2	87	33	83	10	81	27	56	13	96	22	53	21	69	39	55	7	80	28	68	31	58	37	68	12	69	34	96	15	58	36	96	23	97	38	68	47	68	19	55	30	68	48	99	41	54	46	98	9	81	24	50	1	70	42	56	20	98	16	51	35	54	49	83	32	63	45	68	29	99	18	71	6	59	0	55	40	99	17	81	3	93
2	0	6688	22	63	1	53	4	60	33	50	23	59	9	86	24	77	19	93	8	75	11	82	31	82	16	82	49	64	5	86	39	85	28	68	26	93	34	89	43	57	20	51	30	73	13	67	36	50	46	86	18	62	21	68	17	67	41	69	40	58	10	97	3	81	44	85	6	50	27	60	0	55	42	89	7	88	35	72	2	85	48	50	47	86	12	89	25	55	29	58	32	87	14	72	38	96	15	90	45	64	37	69
1	0	6115	2	89	11	67	12	88	5	92	29	59	6	68	42	85	31	51	15	50	20	50	25	52	43	94	32	98	3	84	39	69	41	57	7	76	30	65	48	85	18	99	14	72	33	95	45	96	28	55	8	90	13	89	17	98	9	74	10	70	36	88	49	62	44	54	4	97	19	78	47	92	38	61	40	61	34	86	1	55	27	90	23	87	26	57	37	85	35	63	0	99	16	83	46	57	21	61	22	93	24	58
8	0	5941	15	65	9	89	29	73	17	86	30	85	36	58	27	79	45	60	3	84	0	58	34	79	8	64	24	75	39	95	37	67	4	57	31	72	38	94	44	92	49	79	2	97	47	70	19	66	48	54	6	65	5	69	20	84	28	77	23	63	46	71	10	59	7	94	40	51	12	64	21	71	18	94	33	91	11	85	1	60	22	99	25	69	13	75	32	61	26	80	16	60	35	94	14	66	41	93	42	91	43	60
3	0	6001	47	69	40	77	12	64	44	60	11	86	37	69	34	83	21	98	6	63	49	80	38	97	36	82	32	99	4	86	2	87	41	79	24	64	42	96	22	77	3	64	26	97	0	63	1	92	27	93	46	90	45	97	8	67	43	90	33	78	14	54	25	99	9	90	31	57	39	56	17	77	19	59	48	52	16	95	30	69	35	76	10	92	5	68	28	53	23	54	29	65	7	67	20	97	18	58	15	68	13	60
8	0	5561	18	61	30	89	4	99	5	67	35	60	22	61	32	76	0	71	42	81	27	95	16	69	15	88	37	57	34	73	6	74	29	58	14	59	44	64	40	75	48	78	7	57	3	80	17	91	13	66	10	55	11	58	46	81	39	70	8	95	28	92	49	93	31	76	25	61	38	50	19	72	23	51	24	90	47	82	33	74	36	91	12	82	26	86	1	71	2	70	9	60	41	97	20	74	45	71	43	75	21	51
2	0	6239	16	93	48	64	12	95	10	52	38	69	2	79	49	90	1	73	14	73	22	88	42	59	40	50	7	74	37	63	15	61	41	56	0	63	35	70	21	59	47	71	26	97	44	67	34	81	27	53	23	78	29	52	8	64	32	86	30	91	36	62	45	57	6	73	39	67	43	70	5	58	11	69	28	68	18	85	20	85	4	80	25	57	24	50	3	57	31	94	46	91	33	80	19	81	13	79	9	70	17	64
5	0	6064	25	87	30	81	13	67	46	66	44	77	6	86	47	92	20	63	37	97	19	75	41	78	38	81	4	71	11	88	35	79	36	71	2	74	15	56	21	69	34	77	27	94	3	89	8	75	24	93	0	98	42	56	28	84	29	93	14	77	43	98	17	53	9	68	49	72	45	99	5	99	48	65	39	75	16	63	31	66	7	76	26	98	32	62	10	63	18	98	40	92	1	66	23	51	12	86	33	85	22	91
1	0	6236	7	96	16	85	17	70	49	85	39	59	0	80	38	70	20	66	32	71	31	85	4	93	10	71	18	51	6	63	36	60	1	98	35	57	44	99	46	95	42	57	11	96	12	91	13	84	2	50	14	94	22	87	43	98	28	89	26	97	30	74	21	95	23	63	9	73	19	96	5	70	15	59	48	76	41	54	3	74	27	92	29	93	24	53	37	77	34	60	47	78	8	85	40	90	25	59	45	90	33	87
8	0	6255	40	91	24	58	17	56	38	76	46	68	29	98	13	62	9	96	22	86	31	69	48	88	47	53	43	88	39	78	1	78	20	68	18	90	33	95	4	73	0	57	28	79	16	70	36	64	42	54	44	76	25	53	34	86	49	73	3	78	14	91	41	56	11	74	21	98	37	59	6	54	7	92	8	65	12	77	26	84	27	89	5	56	10	94	35	59	45	98	32	64	30	62	23	55	2	94	15	66	19	85
3	0	5875	23	76	14	98	46	72	28	97	22	66	35	86	4	55	41	97	40	81	12	83	3	78	32	76	6	56	26	50	45	70	44	61	29	91	5	78	43	73	20	56	37	85	2	96	27	54	33	85	1	64	10	67	36	84	21	97	18	50	9	98	30	56	11	73	24	68	48	90	15	96	25	87	0	92	34	87	13	62	31	58	49	79	17	61	39	80	42	89	47	51	19	65	7	50	38	88	16	51	8	83
4	0	6231	32	62	37	81	14	69	11	52	8	70	48	73	30	76	20	58	9	59	22	86	19	97	15	86	36	89	28	60	2	51	17	84	26	78	46	99	33	94	13	70	38	86	21	63	12	58	3	60	7	52	16	57	34	75	44	88	41	66	35	92	4	69	25	89	42	84	5	92	47	77	31	98	27	69	0	83	43	97	45	73	40	82	10	97	18	68	23	86	49	77	6	55	1	50	24	78	29	78	39	83
5	0	6306	15	70	14	69	45	54	37	65	28	63	4	91	23	69	11	55	48	90	12	88	36	55	46	51	24	74	7	89	26	88	17	64	1	99	18	97	43	88	49	97	0	80	6	79	38	94	35	51	42	83	34	85	13	66	39	58	20	61	33	68	2	66	44	56	31	75	32	66	19	51	8	82	30	96	22	77	9	94	16	93	25	54	3	89	41	96	40	59	27	50	29	72	21	84	47	73	10	99	5	52
7	0	5862	37	57	41	70	30	98	8	96	49	59	45	81	14	75	6	86	47	97	39	51	4	87	5	99	19	64	17	78	0	63	25	60	35	62	24	97	32	50	34	53	46	72	7	50	48	86	44	85	2	78	16	70	12	57	27	98	13	61	15	65	20	65	18	65	26	88	31	83	29	94	11	92	36	54	40	97	1	66	10	88	42	56	28	84	22	59	9	87	23	56	21	80	43	95	38	79	33	60	3	62
1	0	7024	31	60	5	70	34	95	40	61	43	58	0	70	7	76	15	73	20	79	2	94	49	66	16	71	21	51	32	75	30	52	25	68	23	65	38	70	22	76	4	86	41	57	12	63	13	67	3	73	33	82	42	73	11	59	44	61	45	96	24	89	10	69	27	56	28	67	17	65	47	55	18	99	6	99	14	81	39	67	9	78	46	67	37	87	19	72	8	64	26	61	1	97	36	87	29	84	48	85	35	50
4	0	6313	22	59	23	53	32	85	5	76	30	57	39	85	3	89	44	91	27	99	18	74	38	67	19	59	8	89	14	57	26	88	13	91	10	64	43	60	37	82	7	86	2	97	1	57	17	99	31	66	15	70	34	89	41	92	16	54	33	71	0	95	25	92	9	87	12	92	20	81	36	51	4	97	35	87	45	97	28	72	48	81	49	77	21	58	40	97	11	84	29	82	24	73	47	92	6	92	46	78	42	83
7	0	5618	20	70	38	59	48	81	44	58	29	90	37	74	45	62	2	68	46	67	12	58	30	93	19	73	7	91	34	57	10	93	25	80	17	88	32	59	18	76	42	92	43	90	36	96	33	71	4	79	5	80	49	89	23	89	0	77	47	72	41	76	15	81	26	97	21	82	22	66	35	62	13	94	14	88	9	82	39	52	27	77	31	53	11	62	3	78	8	84	40	73	24	61	6	74	1	84	28	91	16	67
2	0	6100	33	87	42	90	44	63	14	63	16	58	1	98	9	52	46	68	24	95	39	82	2	74	5	70	19	81	17	86	13	63	47	80	36	66	18	71	11	87	31	84	45	80	48	64	15	50	7	65	37	88	21	95	29	58	8	91	28	62	49	58	30	81	41	92	34	96	38	95	25	87	32	73	20	97	6	90	23	72	4	64	35	95	40	72	10	81	43	77	22	95	26	68	12	74	0	67	3	64	27	63
7	0	6708	14	79	12	58	36	87	13	97	17	64	7	88	42	58	37	98	21	61	31	54	28	76	0	83	27	98	44	97	39	59	43	85	29	90	38	57	20	85	34	92	11	72	32	60	5	60	10	50	19	58	46	92	6	72	9	93	35	94	25	68	41	91	47	91	30	64	26	81	15	53	4	92	40	76	2	92	45	83	18	84	3	83	1	99	49	84	23	63	22	64	24	59	48	94	16	58	33	66	8	55
2	0	7440	45	86	49	69	16	51	41	59	8	54	44	84	26	71	37	57	6	67	10	53	40	73	11	97	28	89	1	50	39	87	22	82	18	86	42	72	4	54	20	50	3	96	12	85	48	88	27	82	5	91	15	59	31	87	0	58	17	72	13	89	34	98	30	68	35	88	23	56	24	98	47	62	46	74	43	52	14	65	29	62	21	60	2	67	33	80	25	87	38	98	19	77	32	55	9	60	36	61	7	62
1	0	7406	49	66	29	88	37	51	38	62	16	98	1	92	8	82	27	89	18	72	3	70	32	88	44	79	31	53	48	75	43	64	9	53	39	56	47	99	34	57	42	64	36	96	7	86	20	95	4	95	17	51	46	75	26	96	6	56	40	87	35	89	28	93	13	77	15	52	11	53	22	67	12	72	41	69	0	80	5	90	21	93	30	79	14	95	45	83	19	51	24	59	33	60	2	71	23	50	10	79	25	91
6	0	6445	17	73	2	83	34	92	47	87	6	77	13	91	14	92	26	63	28	80	21	58	30	51	31	50	48	85	12	76	5	67	19	59	0	66	18	80	10	91	7	62	8	72	43	99	4	59	37	98	16	89	27	52	44	88	35	51	41	52	49	78	40	85	15	71	25	89	1	91	38	94	29	74	32	54	9	65	22	99	46	55	42	57	23	93	33	65	45	97	24	50	11	59	20	97	3	86	36	70	39	61
1	0	5692	45	67	16	86	7	78	24	78	36	51	18	62	22	51	41	75	40	91	47	59	23	53	17	84	5	80	42	51	3	50	28	87	43	73	2	68	19	74	1	68	13	79	33	53	0	73	6	96	27	61	29	94	35	90	8	65	32	72	10	61	48	59	34	93	12	58	4	65	49	96	46	94	37	88	30	58	9	51	26	76	38	89	44	63	25	96	31	85	20	96	11	56	14	98	15	80	21	66	39	62
5	0	5575	3	55	37	65	25	96	16	51	15	60	9	91	17	66	31	95	22	51	47	55	35	78	2	98	13	74	45	61	20	52	29	92	38	72	40	70	18	65	41	51	28	55	7	58	42	66	48	53	21	90	14	52	0	93	30	72	11	90	44	67	27	73	26	66	49	62	4	69	46	69	43	72	24	74	1	52	23	82	6	66	19	65	12	75	33	50	5	82	32	82	8	82	39	89	36	68	34	86	10	81
9	0	6634	45	85	39	76	2	57	33	50	47	60	11	53	4	97	32	96	3	94	13	89	38	91	35	78	21	83	6	96	43	51	30	70	25	52	34	95	46	58	9	90	22	90	5	65	36	64	41	97	14	95	37	53	31	59	28	66	23	91	1	91	0	70	24	62	42	75	10	94	7	60	48	55	26	86	44	81	18	96	8	60	19	76	29	52	17	61	49	82	16	59	12	93	15	56	40	98	20	85	27	91
6	0	7304	16	64	7	98	26	52	4	61	3	85	13	77	37	86	0	53	28	99	41	79	8	65	46	81	32	61	49	86	25	89	23	72	2	53	47	89	36	64	24	61	43	82	18	67	5	78	35	58	34	57	31	75	14	98	39	80	20	89	30	62	48	88	40	91	10	81	27	67	33	64	21	64	15	72	45	94	6	56	22	66	9	72	12	76	11	55	38	82	29	73	44	72	19	80	42	86	17	63	1	85
9	0	6472	11	92	5	74	22	56	28	59	21	69	18	77	32	50	10	97	47	61	38	86	31	90	7	88	4	91	14	77	15	98	30	54	34	63	46	58	42	73	44	62	9	53	26	83	48	99	37	89	27	72	8	52	33	68	19	56	0	60	25	96	13	96	16	97	40	66	23	73	12	56	20	76	3	83	17	79	24	81	39	63	49	66	6	63	36	52	41	57	29	58	1	86	45	64	43	99	35	74	2	99
8	0	6167	24	64	9	96	39	61	34	75	7	88	20	79	46	58	22	68	11	90	33	82	40	76	6	84	4	59	42	61	12	86	45	79	36	82	37	95	17	63	47	94	28	83	23	84	15	51	0	91	8	91	3	82	16	60	48	69	19	95	14	81	30	67	18	57	26	66	35	65	32	87	29	60	31	61	44	88	25	78	27	86	43	60	38	59	21	79	1	68	10	84	41	97	5	61	2	56	13	93	49	84
7	0	6056	0	74	45	93	11	88	26	59	12	51	14	81	29	72	47	88	19	77	30	97	9	54	1	51	3	91	6	90	4	85	40	78	2	80	15	58	28	84	22	70	49	57	5	54	46	54	24	68	31	76	43	88	35	51	48	83	18	71	36	60	39	99	25	91	13	85	7	65	23	92	44	95	32	53	37	81	27	66	38	62	41	92	34	56	8	86	21	79	17	60	33	72	10	89	42	58	16	93	20	82
2	0	7172	11	71	29	92	25	68	9	83	6	78	46	57	21	59	2	57	22	86	14	92	10	76	42	78	47	89	31	62	4	83	27	61	34	97	12	68	33	80	30	77	1	89	44	80	20	57	28	53	15	72	17	93	38	66	8	90	32	86	48	85	7	61	41	53	13	77	0	56	35	88	26	52	37	56	3	91	24	75	18	65	39	95	23	60	36	87	40	90	19	70	49	57	5	74	16	60	45	95	43	76
1	0	6784	25	80	35	82	36	82	14	92	18	82	33	59	19	65	37	62	30	97	40	63	11	70	43	58	42	92	8	53	12	51	5	94	32	69	7	99	27	85	39	83	20	75	31	80	4	82	17	69	23	68	3	69	9	57	6	81	22	67	47	99	1	75	26	65	13	54	2	53	38	97	34	68	21	90	46	74	29	79	10	74	0	92	16	79	24	79	44	98	41	73	45	70	48	98	28	59	49	73	15	77
4	0	6294	32	92	35	57	3	69	21	66	31	67	28	61	6	86	20	88	12	82	10	62	22	68	29	87	45	53	16	89	48	98	39	55	46	76	19	61	24	91	2	68	14	84	8	55	25	67	40	88	49	91	1	94	27	79	41	80	23	57	30	88	38	57	36	72	34	97	47	76	43	81	4	51	9	71	17	55	11	81	33	68	13	82	5	76	26	65	18	73	0	61	42	63	7	58	44	78	15	76	37	66
5	0	5864	30	79	44	50	45	65	10	86	35	55	29	70	32	87	15	88	26	68	36	72	17	62	14	63	7	86	1	74	49	67	9	94	48	56	6	84	20	74	5	60	16	53	12	95	31	82	25	88	33	86	8	60	34	91	39	67	27	60	38	74	41	92	4	50	11	95	0	69	21	68	43	79	2	55	23	79	46	91	13	87	3	66	47	59	40	76	18	97	22	56	37	61	19	68	28	92	24	64	42	62
1	0	7189	11	71	2	83	26	60	34	58	0	79	17	58	27	93	14	77	16	75	24	69	46	91	45	51	12	84	18	57	28	73	29	82	42	83	30	55	38	59	31	58	39	52	7	85	36	93	43	82	32	51	19	78	37	51	8	67	4	93	20	87	21	67	3	66	33	93	48	50	15	94	23	73	47	53	13	85	49	85	25	51	40	98	10	75	35	86	44	68	9	63	41	86	6	52	22	70	1	64	5	72
2	0	7128	40	88	30	50	12	71	4	82	36	93	5	81	1	66	23	60	35	68	27	86	49	63	47	59	18	93	13	66	45	83	33	70	19	88	22	81	43	86	16	65	14	80	26	84	21	59	11	80	38	68	41	71	48	85	39	69	37	95	32	53	15	64	9	54	17	97	24	86	20	88	31	83	3	60	0	87	42	90	25	75	10	57	46	75	34	93	7	50	8	51	29	56	28	99	44	65	6	53	2	97
8	0	6838	7	63	40	59	8	57	19	66	11	82	24	74	44	92	18	95	41	71	13	60	49	72	37	74	16	93	32	64	10	96	29	72	6	57	4	50	14	93	23	79	36	83	46	70	47	64	48	85	0	84	38	93	17	55	21	97	20	72	2	78	33	88	28	59	35	83	45	70	15	56	9	61	42	68	22	61	26	53	39	82	27	88	30	51	3	74	5	89	34	73	25	54	1	74	12	66	31	76	43	89
6	0	6672	11	94	9	80	39	85	45	63	36	82	38	88	6	86	46	58	3	69	43	81	37	91	1	58	13	92	23	70	26	65	19	78	14	53	4	93	27	66	21	68	29	89	16	61	34	81	30	52	20	59	17	94	28	72	22	75	42	62	8	57	5	67	31	97	15	56	41	98	10	78	33	68	0	79	7	59	24	52	44	87	12	50	25	88	32	96	48	82	18	65	49	85	35	63	2	99	47	72	40	84
9	0	6671	13	53	22	97	44	89	9	77	41	92	10	74	28	83	25	53	23	86	37	56	19	62	33	76	3	60	4	89	40	57	31	69	35	86	43	91	27	84	36	88	1	51	45	86	48	71	49	51	26	83	14	83	17	94	5	60	2	90	42	50	46	53	24	52	30	87	21	92	0	88	18	89	39	59	34	91	7	99	32	63	47	64	15	60	6	70	16	94	11	92	8	64	38	91	29	58	12	95	20	93
4	0	6380	13	56	1	99	23	82	40	57	28	68	12	62	37	95	31	94	30	91	42	64	44	59	48	88	22	74	15	62	0	60	36	73	8	90	47	63	34	64	10	63	25	95	38	84	49	91	2	60	4	61	39	57	16	80	17	76	32	69	3	86	19	56	21	76	27	64	33	56	35	88	41	92	24	96	7	52	11	64	29	81	46	86	20	77	43	69	9	63	5	84	18	74	6	77	14	89	26	67	45	81
3	0	5661	3	57	38	71	31	86	19	76	48	78	15	83	33	58	7	74	43	86	10	87	9	78	1	53	0	63	21	92	49	56	18	77	36	65	40	52	5	64	12	76	14	86	46	77	25	52	27	65	17	87	11	63	20	62	23	87	37	76	30	55	13	94	41	99	16	56	34	58	28	82	45	60	8	96	4	55	26	91	47	93	24	91	6	63	32	53	35	58	39	76	29	61	22	93	42	86	44	72	2	90
3	0	5973	8	59	12	79	17	87	25	82	2	69	5	72	32	53	9	62	47	66	0	51	21	66	49	58	48	74	3	98	31	79	14	97	30	50	42	77	4	59	35	99	16	79	26	60	28	88	40	75	22	99	44	91	34	81	24	62	43	64	45	69	36	51	10	53	6	67	33	94	46	80	1	96	37	51	38	69	39	53	13	70	23	56	11	95	20	74	19	61	27	97	18	99	29	93	41	92	15	74	7	82
3	0	6354	8	50	41	72	49	55	38	66	30	67	17	60	16	78	9	90	45	98	1	81	32	97	48	73	3	82	46	90	18	57	47	82	0	70	33	83	43	88	25	60	13	76	6	89	40	70	23	93	27	75	2	60	15	97	22	97	20	69	7	73	28	57	12	65	35	54	44	71	21	82	37	96	19	81	5	61	29	87	42	88	39	52	4	52	26	97	31	99	10	63	36	60	34	67	24	82	14	51	11	92
6	0	6509	21	79	36	97	25	56	33	61	1	99	2	63	38	52	24	80	43	53	28	98	29	73	31	62	7	83	6	93	15	57	30	84	13	96	17	83	45	53	23	56	41	58	44	58	26	97	35	55	11	92	12	99	4	61	16	80	39	58	34	74	40	53	42	51	47	91	37	57	20	88	46	60	5	83	3	91	22	69	32	90	0	92	48	51	49	65	18	75	8	66	19	85	9	99	27	80	14	56	10	64
4	0	7212	13	85	25	74	15	52	28	63	2	69	35	94	48	62	46	88	31	94	4	71	10	98	14	66	23	67	38	50	16	75	3	68	45	51	42	64	5	94	34	59	21	86	8	80	49	51	6	73	11	80	29	51	24	59	30	51	39	83	7	87	17	94	1	53	47	81	22	92	43	50	0	91	33	75	32	50	44	74	37	54	26	72	18	68	36	72	27	98	12	53	41	50	40	87	9	66	19	53	20	92
5	0	6904	4	76	15	74	39	71	21	60	37	55	7	56	49	72	16	61	48	98	22	66	35	62	11	51	9	92	8	58	26	77	3	65	36	57	13	74	42	79	31	60	19	97	33	78	32	88	5	94	18	58	44	73	41	97	46	87	10	72	27	82	20	95	25	52	2	88	38	85	0	81	34	89	45	61	12	76	28	60	24	98	47	58	30	91	40	67	14	81	23	74	6	84	29	50	17	69	1	51	43	94
7	0	6023	33	91	0	86	47	94	14	98	31	77	8	85	11	52	28	67	45	76	39	87	3	87	36	68	35	52	19	91	23	95	41	67	25	64	43	52	4	79	5	94	22	99	2	64	26	93	20	72	34	99	13	59	10	60	7	95	1	74	32	51	44	77	30	62	42	60	24	51	15	65	46	70	21	92	40	59	6	61	49	67	38	81	48	97	27	80	9	66	18	64	17	94	37	92	29	84	16	70	12	94
5	0	6233	32	65	48	68	11	65	38	79	26	75	5	93	24	69	23	55	18	72	29	80	36	92	3	84	33	59	0	88	47	69	42	54	17	57	4	61	7	96	44	63	22	99	20	63	1	59	16	59	46	71	34	59	2	50	15	85	39	83	14	98	19	58	6	72	9	62	21	78	28	61	25	73	35	57	27	61	45	51	49	87	12	88	40	97	37	69	30	93	8	52	10	91	13	57	43	88	41	55	31	89
1	0	6801	33	77	23	81	16	60	2	50	13	93	1	55	22	51	0	59	43	72	9	50	3	57	17	84	39	76	8	89	47	56	32	84	21	99	31	97	29	54	4	74	6	78	10	55	44	83	18	62	37	50	30	82	42	99	20	65	15	59	36	75	12	85	5	85	26	98	35	57	45	89	41	55	48	66	34	72	19	68	49	90	7	68	28	81	24	56	25	72	14	59	11	64	46	78	40	70	38	85	27	83
7	0	7344	20	97	25	94	43	75	22	85	24	73	46	97	4	51	23	76	44	97	45	86	47	59	7	92	12	61	9	84	21	54	14	81	11	97	2	82	35	85	30	61	16	51	0	59	17	80	3	99	39	51	27	94	40	85	13	86	26	88	10	63	38	71	37	50	48	99	8	59	18	77	42	58	41	78	5	57	36	89	33	99	19	71	15	67	31	93	6	96	49	52	28	56	29	63	1	75	34	93	32	74
5	0	6813	37	66	8	97	42	53	25	57	32	89	11	90	17	87	9	53	18	95	33	97	3	61	20	70	14	62	23	99	5	92	47	78	26	78	7	71	28	63	24	67	2	55	0	65	38	50	43	90	45	83	22	80	19	98	30	94	31	98	49	87	29	59	35	62	10	55	44	65	39	96	40	66	48	55	34	51	21	90	12	83	16	66	46	85	6	90	1	62	15	80	36	88	27	64	41	53	4	84	13	69
6	0	6718	32	76	29	85	5	91	24	71	20	70	9	51	11	88	33	81	36	81	44	87	28	53	42	57	18	98	45	80	10	53	46	79	38	80	1	73	21	75	14	65	27	51	15	98	8	53	31	70	0	64	17	70	12	56	34	95	19	84	43	64	25	73	3	88	7	72	6	60	2	77	23	59	35	89	39	70	13	69	16	83	47	65	30	63	26	56	49	93	40	51	22	67	41	51	48	89	4	85	37	78
8	0	7337	23	91	33	75	46	72	14	68	44	74	32	87	17	82	7	95	49	63	22	88	27	83	39	99	3	50	18	67	24	77	8	85	42	58	1	85	28	53	38	76	10	67	2	92	34	95	47	73	16	74	37	73	6	95	21	81	12	70	25	53	45	76	43	55	31	63	0	53	13	95	26	72	4	82	30	54	40	51	15	61	29	57	19	80	5	99	20	54	9	99	48	69	41	84	36	83	35	97	11	94
5	0	5656	7	85	19	89	24	79	13	53	17	75	46	65	25	58	6	78	29	89	44	65	5	78	49	66	11	69	0	90	16	70	27	82	21	66	18	61	10	98	28	52	31	54	3	90	37	74	2	78	48	93	40	52	23	59	1	85	33	79	36	62	12	62	9	74	47	74	41	69	4	73	30	96	15	82	38	56	43	93	32	55	22	54	35	92	14	64	39	64	34	75	26	62	20	54	45	79	8	68	42	84
7	0	6897	33	63	10	93	16	92	30	93	34	66	42	56	35	54	9	70	44	66	12	83	45	52	5	85	47	88	27	81	29	84	6	65	21	92	43	93	39	53	37	82	15	87	23	72	17	92	19	84	11	97	1	50	18	72	14	67	7	87	8	95	31	61	46	91	25	78	48	72	36	99	49	87	3	54	2	50	41	93	38	50	24	68	20	61	22	76	13	66	40	70	4	62	0	77	32	58	28	97	26	90
5	0	5800	33	72	26	58	29	92	43	84	9	92	24	97	47	56	41	78	19	52	38	77	3	81	44	57	17	79	0	98	36	53	10	58	40	65	20	77	16	77	39	74	4	76	48	60	6	82	23	55	28	68	14	71	7	97	12	71	25	94	34	58	15	65	2	80	37	62	13	70	21	97	46	93	18	90	22	82	49	64	31	62	27	76	1	59	45	62	30	78	11	61	8	74	35	66	5	69	32	72	42	84
1	0	6239	29	61	3	92	16	69	4	84	20	54	23	52	0	75	43	52	1	66	27	50	28	80	44	99	32	57	47	68	10	56	12	60	13	56	35	98	8	62	6	77	5	82	36	89	26	93	33	90	45	58	19	98	37	98	24	75	48	51	2	67	49	52	25	75	15	86	41	59	11	63	40	88	9	72	42	62	38	58	21	98	22	94	34	72	7	62	31	55	18	91	39	59	14	87	30	58	46	66	17	73
4	0	5902	16	68	47	94	21	79	22	53	17	82	32	76	9	72	20	67	13	56	38	79	42	57	15	97	23	89	49	76	18	88	5	68	19	94	27	98	41	63	43	53	25	52	31	89	7	58	24	81	44	62	39	60	14	54	12	56	35	92	0	53	10	99	26	66	11	65	46	95	45	87	36	93	29	95	8	98	37	90	48	83	34	71	28	63	3	79	6	52	40	65	1	81	30	66	33	60	4	89	2	93
4	0	6392	41	50	14	84	32	77	28	88	44	78	47	67	18	68	6	85	13	90	38	50	24	57	2	63	0	64	5	57	42	78	15	77	46	50	35	86	16	90	1	59	39	96	20	95	9	53	31	86	29	67	45	90	25	72	22	76	19	60	26	52	30	85	8	76	40	85	23	50	33	55	12	81	37	60	17	56	27	73	4	81	49	70	48	52	3	94	7	58	36	71	11	89	21	77	10	50	34	99	43	91
5	0	6606	0	94	35	60	22	82	10	55	41	55	17	65	43	88	25	59	12	81	21	57	8	84	2	87	11	75	3	91	39	66	28	99	9	89	24	61	37	91	34	66	20	85	26	79	15	58	7	66	45	70	5	89	42	57	32	55	30	52	18	89	46	75	48	78	14	95	40	55	38	56	16	86	47	97	4	63	23	57	19	53	29	77	33	80	1	99	36	61	6	88	31	68	44	80	49	97	13	50	27	58
3	0	6940	43	84	15	52	0	86	1	83	27	82	32	59	42	53	47	78	36	85	35	90	7	97	46	73	25	88	19	59	3	54	4	60	44	70	6	90	34	64	22	56	18	70	26	90	10	69	40	53	31	72	38	70	37	64	13	59	21	52	49	57	17	99	8	81	23	53	24	78	48	67	11	61	9	97	20	69	14	52	30	73	12	70	16	99	5	73	33	97	41	85	39	58	29	70	2	86	28	80	45	81
6	0	5774	6	92	23	86	42	83	1	51	8	82	36	75	40	74	3	98	26	60	27	63	33	68	44	96	25	73	15	53	30	63	41	96	46	65	14	78	31	90	9	62	13	77	7	86	48	57	43	53	11	83	16	95	39	71	49	59	18	93	12	53	38	80	19	72	45	53	28	87	17	70	32	52	10	59	35	55	0	51	5	63	20	62	21	74	37	86	22	72	29	51	4	54	2	93	24	71	47	51	34	99
9	0	6588	5	73	10	80	1	88	19	82	44	92	22	73	38	93	25	71	24	63	12	59	28	66	26	55	27	90	7	70	18	86	32	57	37	77	6	55	8	56	20	78	46	81	43	71	35	61	47	86	3	61	21	73	23	67	49	94	45	63	36	95	2	86	34	59	41	99	29	88	4	53	15	75	16	86	9	73	39	84	11	85	48	56	42	89	14	73	30	95	0	77	33	72	40	96	31	78	17	99	13	89
8	0	7294	15	96	4	97	0	68	44	51	18	67	47	95	23	62	41	93	48	59	8	65	12	52	27	53	19	56	40	63	45	51	25	96	9	80	16	84	37	73	36	57	21	70	35	74	6	80	7	72	17	90	29	50	43	81	34	54	32	94	46	73	13	94	22	69	49	57	2	63	5	86	26	75	39	62	20	72	3	72	11	55	24	60	33	51	42	55	30	90	10	93	31	67	1	68	28	86	14	67	38	90
3	0	7061	15	69	40	84	37	66	32	65	18	56	31	64	23	98	4	97	27	83	16	93	21	66	36	76	35	99	22	94	5	76	9	88	48	94	26	56	42	60	30	74	38	51	33	73	34	98	39	72	28	60	29	63	17	99	6	85	41	51	44	91	46	93	24	83	7	99	20	69	8	56	3	89	43	83	11	65	49	69	45	78	1	60	0	96	10	96	13	54	2	75	19	87	12	69	47	80	25	98	14	79
3	0	6858	0	55	49	98	19	54	33	56	40	53	41	70	18	58	1	53	32	62	43	54	12	81	15	52	7	54	23	76	34	62	24	92	28	72	25	73	48	97	21	72	35	87	30	77	8	81	3	81	39	96	13	83	14	60	26	54	11	75	9	92	16	95	44	95	37	72	29	50	4	64	17	85	42	88	38	76	5	86	27	63	45	52	20	66	10	84	47	59	22	65	31	52	46	72	36	79	6	69	2	69
3	0	6404	35	74	9	96	34	66	24	98	16	55	27	94	47	79	25	59	12	55	28	91	17	87	13	90	46	55	44	95	49	86	0	66	43	63	45	82	20	84	36	97	4	68	48	66	38	70	31	85	5	76	1	50	30	93	40	54	32	57	10	93	42	51	2	97	19	76	7	97	15	67	6	89	39	71	29	55	3	76	23	61	33	66	26	58	11	89	41	93	18	69	37	92	8	99	22	73	14	83	21	83
7	0	6358	47	60	23	51	26	98	0	62	3	91	14	83	43	59	15	65	5	89	2	51	30	58	31	85	22	78	38	77	39	99	16	99	48	52	18	69	19	50	44	76	20	79	9	62	29	52	28	96	40	70	8	71	45	61	4	90	36	58	7	67	10	87	27	53	33	68	13	91	34	56	6	90	25	94	1	94	11	77	37	77	41	90	42	69	35	69	21	56	24	58	49	85	32	99	46	66	12	67	17	54
6	0	7316	46	72	47	62	48	93	10	50	33	86	31	77	32	71	41	85	5	79	18	82	7	74	29	56	42	87	2	73	21	96	49	54	44	72	45	61	35	87	37	51	38	79	27	95	15	54	6	71	34	91	24	85	28	89	25	98	14	80	8	51	40	82	1	77	11	51	16	91	13	96	0	77	23	93	36	53	43	70	12	80	30	56	3	78	9	88	20	89	19	80	22	53	26	89	4	96	17	57	39	60
6	0	6245	18	89	19	77	11	55	12	56	43	86	41	81	46	89	1	52	6	65	33	54	35	97	44	73	5	65	17	77	48	54	34	94	8	50	29	70	15	83	42	68	32	63	40	81	27	78	20	50	36	89	23	65	9	92	7	79	3	56	24	83	49	78	30	93	21	81	38	72	0	86	16	88	22	54	13	80	47	76	25	50	10	61	4	56	2	85	14	68	26	99	37	97	45	84	39	57	31	63	28	75
9	0	6319	20	99	38	55	23	98	13	71	31	91	15	81	30	94	12	95	39	88	7	90	1	90	28	75	11	55	22	61	35	79	26	78	40	98	8	84	25	71	17	87	36	99	16	87	45	52	46	89	9	85	37	69	21	60	5	85	4	91	3	72	33	86	19	80	24	51	49	59	42	79	32	87	34	88	48	87	47	99	0	83	18	83	27	74	6	92	10	89	14	78	43	57	41	96	2	75	44	57	29	72
9	0	6836	29	65	38	90	37	89	25	67	16	83	35	75	14	97	48	87	47	75	19	75	21	62	33	81	30	57	7	56	10	93	0	96	8	56	2	85	24	54	12	68	39	73	36	61	22	65	13	74	5	81	20	90	23	96	43	97	42	63	32	54	45	75	28	81	31	86	9	99	34	99	27	68	26	91	49	90	41	57	40	96	3	99	17	52	1	87	11	89	6	56	18	94	46	52	4	93	15	59	44	71
6	0	5654	7	97	12	73	26	54	33	63	13	94	19	53	25	71	34	59	17	76	29	77	11	92	30	96	38	87	3	55	35	81	20	70	23	53	37	69	31	57	21	84	2	57	8	80	6	86	28	65	47	96	49	59	45	52	44	79	40	70	1	67	24	97	9	74	48	60	18	98	4	80	46	87	14	84	36	87	27	68	43	99	15	73	32	99	5	62	22	63	39	52	41	62	16	61	10	80	0	77	42	78
1	0	6617	36	90	7	55	19	72	33	55	28	81	12	59	20	68	25	91	39	75	26	56	13	61	46	50	9	99	49	52	27	77	30	58	4	60	8	65	14	64	10	72	11	64	0	73	31	95	21	92	1	96	17	67	44	93	38	86	42	78	48	82	22	65	34	79	23	74	29	85	6	73	32	83	45	66	40	76	2	95	41	99	5	98	35	71	15	62	18	57	43	72	37	94	3	69	47	93	16	90	24	80
4	0	7281	49	93	42	75	1	67	37	78	5	61	22	65	7	77	48	62	3	63	41	73	33	97	13	52	36	77	30	52	34	87	16	70	4	55	10	59	26	87	12	61	20	74	38	90	39	79	21	85	32	61	31	96	6	71	17	60	25	55	28	94	43	72	44	72	40	76	0	52	24	94	27	60	45	57	2	91	11	63	14	68	29	61	47	72	23	67	46	83	35	54	8	84	15	89	19	60	9	84	18	97
9	0	6139	20	65	48	61	44	69	37	63	21	52	34	56	27	65	7	97	38	81	41	52	1	75	0	68	11	74	46	83	40	64	24	57	42	60	32	85	15	99	17	69	4	62	47	71	45	80	30	93	35	68	5	76	49	79	25	89	22	74	2	74	31	93	16	58	39	81	12	89	28	68	43	80	9	59	36	85	19	95	3	57	13	64	33	72	18	61	29	87	14	82	8	50	23	63	26	80	10	82	6	53
2	0	6518	4	88	36	61	28	51	34	72	35	87	7	57	40	86	23	79	26	93	12	98	20	71	49	51	5	88	41	51	31	79	44	94	37	68	22	65	29	74	1	75	0	91	10	85	33	52	19	50	27	83	11	86	30	84	43	66	18	86	16	67	6	91	32	68	2	70	8	97	14	57	15	50	39	61	45	59	21	50	25	88	3	98	46	85	38	51	24	91	47	92	42	89	9	66	48	92	13	94	17	67
5	0	5636	25	80	49	93	28	88	14	55	33	57	16	73	18	63	31	59	37	94	30	78	23	65	13	94	9	89	20	88	3	97	4	96	41	81	5	51	22	57	46	54	39	74	36	78	0	92	42	57	1	90	27	87	11	92	40	63	12	62	35	80	7	90	26	73	44	88	48	72	2	64	34	96	43	85	17	70	24	85	29	54	32	51	15	50	8	97	19	87	45	58	47	82	38	78	10	79	6	84	21	72
8	0	6698	38	79	28	95	5	76	1	94	21	63	42	50	14	92	44	65	6	79	2	61	39	79	41	86	45	51	31	90	11	75	13	54	29	93	18	83	48	65	46	87	19	61	17	95	43	75	0	50	7	86	23	56	26	94	34	60	22	66	27	72	37	61	12	99	25	53	24	51	47	53	20	69	40	92	49	80	10	74	33	93	4	62	32	53	16	88	35	97	15	96	30	76	3	81	9	95	8	82	36	89
9	0	5949	31	75	45	68	26	61	48	58	41	96	23	63	24	93	49	97	46	89	10	64	19	70	40	73	30	86	34	68	21	77	13	87	0	92	18	76	33	81	17	93	27	77	12	61	9	89	20	65	44	59	11	95	2	98	1	61	25	80	16	50	32	56	47	55	37	69	6	78	42	60	36	55	28	76	8	99	35	67	14	67	29	85	3	79	43	51	38	74	39	50	15	69	4	58	5	56	7	75	22	73
1	0	5544	34	90	18	99	31	81	3	65	45	91	46	54	48	76	0	52	37	77	35	65	32	78	49	97	15	64	47	60	6	66	12	88	38	73	5	54	24	83	4	65	29	83	13	72	42	50	8	96	28	75	14	75	9	83	26	66	11	79	19	82	10	73	21	94	2	99	27	70	7	53	44	84	20	53	33	79	36	82	23	89	16	58	22	86	1	77	39	78	43	95	17	92	40	89	25	79	41	59	30	70
2	0	5840	25	57	30	78	29	76	38	55	6	81	15	73	11	84	8	56	45	81	12	88	46	89	16	69	28	68	41	73	10	94	32	70	26	97	21	77	31	92	34	53	36	79	5	94	19	76	37	86	23	74	20	77	3	77	0	58	27	67	9	70	18	97	7	51	2	67	39	85	13	98	24	95	22	79	43	80	1	86	4	92	14	97	44	89	35	73	17	94	49	86	42	55	40	73	33	82	47	81	48	60
8	0	6825	22	60	30	92	31	97	37	51	27	97	4	58	8	56	44	80	10	91	45	85	26	93	11	80	35	79	40	82	19	96	3	75	32	84	29	59	28	54	14	99	0	95	5	50	2	93	23	88	20	72	48	87	21	92	13	95	24	60	39	50	6	76	1	79	47	69	42	97	16	87	46	64	49	81	34	62	12	63	7	96	33	93	17	87	36	91	9	58	43	86	18	90	41	66	15	74	25	93	38	62
5	0	5625	10	52	42	83	12	53	43	86	13	66	31	75	16	64	39	80	23	60	19	91	32	87	17	77	5	92	22	69	33	81	26	95	8	61	14	60	1	64	47	54	0	62	24	67	9	76	28	79	48	75	20	66	34	59	40	80	25	94	46	72	27	80	18	82	21	96	29	55	36	79	15	97	45	80	6	78	44	54	11	51	41	52	37	61	3	55	2	53	4	57	38	58	49	74	30	58	35	76	7	85
9	0	6617	48	95	7	71	13	62	0	57	33	56	49	96	23	58	27	68	43	71	26	80	4	72	31	50	35	89	17	73	39	73	15	57	34	94	3	90	14	62	8	74	9	74	1	57	19	76	5	77	41	80	46	55	42	67	12	61	29	59	20	66	11	74	45	91	6	87	2	84	21	82	36	59	25	76	22	68	47	73	44	56	16	62	24	70	37	57	32	59	38	68	30	59	10	67	28	79	18	97	40	55
9	0	7134	24	76	6	85	9	56	22	53	25	95	21	57	13	70	43	62	12	58	26	54	29	95	40	61	7	83	3	76	16	63	30	81	27	60	41	98	19	82	1	63	23	77	49	77	36	95	8	89	4	93	31	94	0	65	32	85	42	90	44	86	46	90	14	88	28	70	33	71	47	54	10	94	34	83	17	63	39	96	18	67	38	77	35	70	45	65	5	82	20	64	48	59	15	73	2	88	11	89	37	73
9	0	5504	2	80	24	86	45	90	47	83	33	92	37	69	38	69	39	86	27	95	43	86	30	67	5	64	28	59	23	56	13	92	41	61	15	62	6	99	4	87	12	91	40	70	32	67	46	56	8	93	34	89	35	61	16	92	18	87	22	57	0	97	48	95	20	75	36	76	19	70	1	84	17	95	11	74	49	89	25	50	42	69	44	93	14	95	26	57	31	85	10	96	9	52	3	51	7	86	29	96	21	53
2	0	7289	30	94	39	81	19	57	32	78	14	95	44	62	3	68	21	65	37	85	18	66	48	67	22	91	47	75	15	56	1	90	27	60	5	72	43	71	7	66	9	97	34	73	16	83	4	76	42	73	10	88	23	69	11	81	25	86	40	78	2	54	17	95	0	58	24	69	13	68	35	53	31	75	28	88	6	97	49	82	36	56	46	85	38	61	20	79	45	72	41	73	12	55	29	99	8	67	26	85	33	58
8	0	7441	23	96	19	95	46	65	20	94	9	89	49	86	16	90	6	66	32	90	31	87	24	99	0	54	44	70	14	82	4	69	17	72	40	69	36	51	28	53	22	58	3	56	33	96	37	97	13	50	25	71	34	65	48	50	29	75	1	92	26	65	21	88	47	79	15	87	8	77	35	60	11	79	45	79	5	50	41	77	7	85	43	58	18	75	27	74	42	89	2	66	12	86	30	60	39	78	10	56	38	83
9	0	6266	15	60	21	57	47	51	3	93	11	87	1	65	37	60	27	75	29	80	5	74	30	76	49	72	42	73	16	82	31	60	48	60	2	58	23	51	33	62	20	52	13	61	41	54	7	92	22	76	28	66	36	85	18	63	9	60	8	57	32	90	44	95	45	84	6	82	14	91	38	71	26	56	0	63	46	98	34	80	19	52	40	66	43	59	24	57	12	91	25	94	10	68	35	86	4	97	17	88	39	59
2	0	7277	49	64	19	96	25	94	2	71	35	68	47	65	42	96	1	69	16	83	27	88	0	74	5	91	22	71	18	86	9	83	34	56	7	65	3	80	26	66	13	73	28	83	24	77	15	90	11	60	44	91	23	63	33	98	4	76	38	77	39	75	32	93	31	82	29	60	8	67	20	56	46	86	10	65	30	76	43	71	17	85	36	84	41	86	6	89	21	83	12	82	45	74	37	78	40	95	14	92	48	72
9	0	6068	35	94	30	58	34	61	28	70	18	99	49	88	6	76	5	64	3	87	33	74	23	89	27	58	20	54	10	74	37	91	0	60	48	65	11	93	4	65	32	70	22	93	43	68	46	66	7	89	45	68	8	85	2	74	12	75	39	62	15	50	14	70	19	52	40	93	17	81	26	62	38	68	36	52	24	52	13	74	41	76	47	74	9	70	25	62	1	72	31	84	44	64	16	60	21	60	29	57	42	50
8	0	6316	41	67	48	99	31	97	47	76	6	57	7	95	5	73	16	94	12	77	10	76	37	95	18	59	20	97	36	59	4	82	1	69	38	63	0	57	32	95	49	68	44	89	21	62	28	95	9	71	45	51	25	97	43	63	2	54	35	80	14	96	26	79	23	71	30	82	27	63	34	69	22	54	40	85	8	64	13	74	11	50	29	85	17	66	46	69	33	56	24	71	42	57	19	53	15	61	3	68	39	50
9	0	6377	14	99	13	50	47	86	0	87	46	85	18	64	43	55	24	98	48	75	9	76	8	59	37	96	30	75	15	77	28	58	33	70	16	52	22	64	25	90	1	88	27	87	4	83	7	85	31	65	32	50	3	87	10	89	26	97	6	78	36	86	44	99	11	55	39	87	45	59	17	98	40	70	41	73	29	73	20	50	21	95	38	99	42	94	23	89	49	75	12	78	5	98	34	57	35	81	2	65	19	83
6	0	7166	31	74	47	88	49	79	4	73	38	76	18	85	32	88	27	92	43	50	14	76	44	56	7	79	10	56	23	74	19	71	26	63	15	66	34	93	17	89	40	53	20	86	1	95	11	78	2	68	25	51	8	92	21	66	37	60	0	86	41	77	13	89	39	72	12	81	28	72	35	92	9	95	46	70	5	83	24	65	30	88	29	83	22	72	45	60	48	59	16	97	42	70	6	58	36	53	3	90	33	53
1	0	5998	19	96	29	84	33	80	26	98	10	98	24	54	36	82	4	60	43	53	25	98	23	76	47	83	44	76	37	95	27	91	45	97	7	78	2	80	16	51	17	70	13	90	39	76	28	95	38	71	48	94	5	82	9	69	0	57	22	82	14	74	21	94	34	97	35	80	12	62	32	69	6	92	42	89	41	76	8	97	46	69	11	84	15	94	3	55	18	97	30	92	31	71	20	53	49	51	40	81	1	96
4	0	7143	16	64	21	59	7	91	10	78	25	74	14	65	40	51	47	84	20	78	27	76	13	52	48	72	43	81	18	76	38	97	3	88	44	99	15	61	2	81	46	94	35	50	5	67	4	72	9	89	22	77	24	63	28	91	34	92	29	67	41	89	42	79	19	90	8	90	1	69	17	73	12	83	36	78	37	94	11	70	0	79	39	81	49	87	31	93	26	90	33	51	45	63	6	52	23	70	30	76	32	68
5	0	6200	0	93	29	86	10	52	40	96	20	68	15	83	27	77	30	60	3	93	4	51	48	66	46	91	23	68	8	85	43	84	25	92	17	94	9	61	31	93	11	59	45	57	28	55	18	69	36	87	33	81	13	68	41	53	26	65	12	82	6	91	34	91	1	82	38	79	2	96	35	50	47	91	22	65	32	56	14	84	39	71	24	86	21	97	5	64	42	84	49	64	37	68	16	82	19	65	44	96	7	59
7	0	6586	7	88	35	72	44	72	47	69	42	82	40	59	5	90	22	63	21	70	25	86	32	50	2	91	4	55	43	74	33	77	28	68	38	67	1	62	37	55	41	90	23	77	16	76	15	56	3	92	0	92	8	53	31	57	17	70	11	52	14	92	36	91	30	60	19	67	48	50	29	73	45	58	34	66	39	63	9	68	6	73	18	55	24	71	20	58	13	95	27	82	49	80	10	80	46	61	12	67	26	51
1	0	5873	12	85	14	64	9	76	25	88	37	57	28	57	40	81	43	71	31	60	17	63	1	53	41	61	44	70	46	66	10	54	6	94	49	52	18	58	23	62	15	99	42	52	8	78	11	88	36	92	5	77	21	54	38	80	13	88	30	59	7	78	22	55	48	51	4	92	24	99	39	57	35	90	47	99	16	52	33	80	26	94	34	87	27	74	32	61	0	85	3	70	20	82	19	63	29	60	2	81	45	83
5	0	7425	1	82	31	60	44	97	35	93	48	96	26	93	25	86	27	82	49	77	21	87	15	88	19	58	33	62	36	77	38	97	29	63	42	76	10	90	23	50	24	84	34	60	22	73	11	88	2	90	9	75	12	60	5	78	14	94	37	60	4	67	32	92	8	72	13	83	47	79	46	69	3	92	39	66	45	51	17	91	7	58	30	98	0	78	20	63	41	89	43	90	28	77	40	78	6	65	16	59	18	99
2	0	6366	6	85	7	94	31	60	5	74	15	89	18	71	28	69	2	99	11	92	48	70	10	71	32	51	3	78	42	95	44	93	0	71	8	86	47	97	1	92	38	92	23	89	29	86	22	54	43	86	16	64	41	58	40	60	34	97	19	60	13	79	12	68	36	97	45	55	24	60	26	93	30	68	9	52	4	87	17	85	14	63	20	78	39	75	21	72	25	85	35	92	37	76	33	70	49	95	27	61	46	77
7	0	7160	46	50	11	55	24	51	1	73	30	75	14	56	25	77	28	76	18	67	27	54	39	58	10	92	33	68	40	90	17	89	47	81	12	77	43	79	20	80	29	61	26	59	2	80	15	54	7	80	4	73	42	71	44	84	3	85	13	74	38	74	35	94	9	68	22	62	21	98	37	78	16	72	34	56	48	52	36	95	49	98	41	74	5	86	0	55	45	92	6	51	32	94	19	69	8	74	23	81	31	58
9	0	7381	17	95	2	51	38	79	22	67	36	69	8	56	18	73	25	94	26	70	14	93	4	92	6	86	34	79	33	68	12	62	48	76	29	86	19	97	5	76	31	85	28	78	16	77	3	70	21	87	49	90	15	52	23	87	42	70	9	97	0	51	39	94	46	90	43	53	20	74	11	74	32	88	45	60	41	69	24	59	44	63	30	96	47	80	1	51	27	64	40	98	7	66	13	92	37	64	10	97	35	60
6	0	6312	19	62	43	76	24	56	42	96	45	60	28	63	1	65	11	84	35	97	3	95	27	57	44	97	41	96	22	55	21	80	32	63	14	91	7	64	33	90	20	76	9	79	36	68	40	82	12	67	13	60	49	94	26	64	0	63	48	95	46	60	39	96	4	92	34	82	6	60	18	85	37	58	8	84	17	94	29	99	38	98	16	94	30	71	31	65	10	90	5	81	23	60	47	79	25	82	2	67	15	59
9	0	6028	4	95	30	75	25	85	17	60	43	51	10	55	20	96	27	77	8	51	23	93	26	62	36	97	7	86	31	55	12	81	41	68	37	82	24	60	18	71	19	72	33	85	42	97	48	85	47	51	9	81	16	79	1	83	45	84	3	86	0	66	13	79	40	97	44	51	2	79	49	89	32	70	39	89	35	90	34	64	29	98	38	88	46	62	15	87	14	81	11	97	21	60	6	85	22	62	28	83	5	75
3	0	6178	24	50	25	71	33	87	27	82	48	83	15	98	21	55	38	92	10	69	14	60	12	98	41	79	40	95	19	98	2	57	49	66	39	94	20	58	43	98	36	61	1	86	4	69	28	62	31	84	11	71	44	85	9	74	35	72	16	97	42	63	30	68	37	80	3	94	8	77	29	95	47	71	45	64	26	69	5	80	46	67	23	70	13	77	22	73	6	57	17	79	0	87	18	93	32	63	34	53	7	51
2	0	5511	41	97	40	82	15	76	25	83	17	59	31	80	46	83	1	88	39	55	36	74	4	51	2	81	38	77	34	54	24	75	37	90	19	65	44	92	0	73	8	76	5	89	20	81	48	63	42	70	32	93	12	72	6	85	7	89	45	98	21	64	9	84	47	62	10	99	22	97	49	73	29	58	23	53	43	87	28	78	11	68	33	89	13	71	3	62	30	99	16	79	35	54	27	70	26	68	14	74	18	94
5	0	6003	11	97	38	84	49	82	21	75	15	75	42	56	4	61	6	72	48	97	23	89	12	96	36	76	13	62	40	56	39	72	14	73	8	85	47	92	30	94	1	93	31	97	35	91	22	96	28	50	25	60	0	54	5	73	17	58	27	54	7	77	2	93	41	51	44	50	3	75	16	62	45	61	37	72	10	81	32	93	19	84	43	78	46	89	9	75	24	53	20	87	29	51	34	72	18	83	26	73	33	72
3	0	7169	12	87	41	68	4	89	42	59	25	60	2	67	30	53	26	78	18	98	9	94	45	64	23	67	32	85	40	60	22	85	14	63	44	91	48	91	8	91	43	78	34	50	36	63	46	50	27	92	15	60	20	93	5	72	38	64	47	70	49	72	11	63	28	80	35	73	33	56	0	83	3	66	1	89	29	67	31	87	7	88	37	73	10	50	24	66	19	79	17	61	13	58	6	58	21	53	16	92	39	96
9	0	6746	15	98	24	57	27	67	47	71	43	60	25	79	1	59	31	50	42	74	16	91	4	95	38	63	21	80	35	72	39	84	44	69	14	81	32	56	3	74	33	55	20	66	41	78	7	90	8	57	46	85	19	78	37	55	2	80	10	64	22	76	18	99	45	85	28	88	13	81	0	55	23	86	30	83	12	53	9	70	29	69	6	58	48	99	5	70	26	76	40	83	34	59	17	84	11	99	49	77	36	73
6	0	6632	31	93	9	85	17	76	47	55	16	79	38	90	11	56	49	94	48	71	20	59	44	53	46	63	2	83	41	60	23	89	32	50	30	52	28	69	12	74	24	88	14	93	26	64	10	70	19	99	22	85	40	66	15	67	0	50	36	83	21	81	39	73	42	93	34	83	35	80	45	51	33	54	8	61	3	65	4	51	1	50	6	89	43	58	18	78	7	58	27	72	25	84	5	85	37	93	29	87	13	98
2	0	5586	29	91	3	53	35	74	46	97	30	96	43	57	33	84	0	74	4	77	7	69	20	66	12	83	37	94	8	85	49	93	5	70	6	53	24	74	2	87	9	91	34	88	16	75	1	90	14	80	10	61	28	90	11	50	26	97	42	69	21	82	45	85	23	60	31	91	40	93	38	95	41	76	47	56	15	91	22	71	39	67	48	89	36	59	27	99	17	55	44	60	25	59	13	57	32	54	18	94	19	95
6	0	5899	33	85	8	55	39	99	19	85	12	67	18	86	30	69	38	65	13	56	40	79	47	93	27	62	41	90	36	80	14	66	48	67	31	63	6	97	5	71	3	79	0	90	2	53	20	84	1	62	34	96	45	81	23	86	42	83	28	52	29	83	21	83	24	62	49	60	11	74	16	54	37	55	35	77	26	59	10	62	44	89	15	99	46	68	32	50	7	74	25	56	9	54	17	94	22	61	43	58	4	57
1	0	6585	6	65	32	65	16	95	34	70	4	89	10	59	5	79	14	69	27	74	7	95	36	96	43	74	49	78	46	53	23	73	12	50	31	79	44	72	17	64	19	93	1	70	45	53	2	68	9	62	37	75	48	82	24	71	11	62	15	54	29	50	26	80	40	81	18	55	25	54	13	70	38	65	41	71	35	57	42	94	33	87	0	87	20	66	30	95	47	88	3	72	39	69	22	60	28	78	21	88	8	57
2	0	6236	34	96	16	77	8	50	22	93	9	60	33	58	42	74	10	56	21	91	38	75	2	89	36	69	46	67	31	59	32	59	40	53	13	96	43	67	28	64	29	58	48	92	17	69	26	65	18	66	30	84	23	58	4	65	41	92	37	94	49	95	45	83	44	53	15	55	25	73	47	50	14	84	3	92	7	70	11	66	12	87	20	50	1	62	0	64	6	58	39	74	35	66	5	86	27	79	19	92	24	79
7	0	5696	23	66	22	57	24	82	48	72	25	73	5	63	40	61	47	68	34	53	10	54	27	52	32	52	8	59	13	73	20	55	16	73	9	79	35	90	33	96	41	68	44	54	7	63	4	73	17	95	42	63	31	67	45	73	28	79	37	86	1	64	21	71	19	65	18	85	49	86	46	75	12	93	11	71	3	66	36	99	39	57	38	79	14	72	15	72	2	57	6	67	43	67	30	73	0	85	26	90	29	55
4	0	7303	6	65	8	70	39	64	26	65	24	62	11	53	42	84	15	78	47	93	4	74	43	88	37	59	3	73	12	83	45	78	25	68	1	93	30	83	17	67	33	61	10	72	29	95	41	59	38	75	9	93	2	74	21	87	27	95	18	92	14	53	34	81	46	93	19	60	28	50	13	57	44	53	7	57	20	80	22	68	48	89	35	53	49	57	40	72	23	97	5	98	36	57	0	76	32	54	31	96	16	78
9	0	5563	25	68	33	68	48	97	31	57	28	78	41	96	36	98	39	87	32	99	38	90	24	67	16	86	4	82	21	75	11	86	10	88	30	50	19	54	6	78	1	60	23	92	45	73	35	99	44	86	46	66	18	74	2	63	43	93	5	79	27	89	47	94	3	90	34	64	14	55	22	52	49	59	42	99	15	96	26	78	13	77	17	76	12	70	40	71	7	69	29	60	37	54	0	57	20	83	8	84	9	94
4	0	6225	12	54	26	83	29	94	36	76	33	75	18	81	37	94	47	98	13	81	39	75	2	92	40	76	46	53	10	68	27	56	19	88	42	71	6	61	30	71	41	84	38	63	8	93	4	93	28	81	7	52	34	64	5	69	45	92	25	96	43	69	23	93	44	96	0	66	3	79	1	64	20	93	31	63	16	75	48	76	9	54	32	57	35	52	22	77	15	70	49	58	14	86	21	72	11	73	24	93	17	59
8	0	6345	2	83	27	75	34	52	3	55	21	52	22	79	17	80	10	97	14	71	4	94	7	57	44	66	31	82	38	74	1	68	32	60	39	51	49	50	0	96	11	65	16	51	43	59	6	83	41	69	37	84	28	89	25	86	40	51	42	72	19	86	29	50	13	97	33	74	26	96	8	81	45	72	24	99	9	94	36	50	15	58	47	98	23	72	12	64	5	62	20	77	30	72	35	84	18	95	48	62	46	87
7	0	7197	19	71	12	73	16	91	1	70	22	77	15	51	8	64	31	57	21	99	25	51	42	61	48	85	20	88	40	87	9	71	44	74	29	57	28	60	35	97	17	86	36	52	4	66	23	71	6	66	33	92	30	60	45	73	13	55	3	79	18	70	2	60	43	87	11	62	34	60	38	96	0	86	10	64	26	87	7	58	14	62	39	59	32	81	46	78	24	93	49	56	37	91	47	84	27	95	5	58	41	88
7	0	6540	11	78	45	81	46	99	1	80	15	61	21	81	41	75	28	83	29	67	43	94	12	75	39	97	7	96	36	79	22	93	32	72	18	79	24	73	49	94	2	68	40	87	38	57	27	77	37	83	26	68	20	64	4	69	5	72	8	50	47	67	10	66	25	96	42	83	6	71	31	75	3	63	30	98	23	96	33	97	13	87	14	62	48	83	0	86	35	85	19	57	16	90	34	75	9	99	17	64	44	88
5	0	6037	35	77	9	85	31	84	24	84	5	57	45	61	16	56	18	80	27	86	32	84	17	64	33	97	29	82	8	63	6	97	14	68	0	58	26	67	2	64	1	56	44	88	3	59	43	94	28	54	19	83	49	75	47	75	40	72	48	76	7	81	10	63	36	88	46	76	30	76	34	97	15	63	22	61	20	87	37	75	38	64	13	51	11	81	39	64	25	82	12	58	41	87	21	53	4	80	23	63	42	77
3	0	6116	4	56	13	84	23	89	0	66	31	53	40	71	18	55	27	63	32	92	36	72	47	63	41	80	3	89	15	69	35	90	49	71	14	96	24	84	38	81	39	71	44	94	21	82	48	88	1	59	7	84	28	62	26	65	17	59	43	66	11	88	19	70	37	54	9	61	42	77	22	50	30	69	46	85	2	96	8	92	25	55	45	77	20	57	29	65	10	66	12	56	33	60	6	82	34	65	5	50	16	95
3	0	7205	33	79	5	96	28	74	1	57	29	85	23	89	37	62	20	50	8	81	40	91	6	55	35	79	38	90	43	62	17	64	14	99	25	86	3	71	26	53	32	73	39	51	41	85	4	63	24	82	36	66	10	54	13	87	12	54	42	85	2	65	34	83	0	81	46	63	16	73	47	87	27	62	11	82	15	82	9	85	44	62	18	86	45	96	19	91	7	96	48	57	21	86	31	63	22	73	30	91	49	56
2	0	6273	12	84	20	78	7	61	13	53	0	55	2	94	43	89	28	71	29	98	22	53	30	64	45	77	41	54	39	80	25	75	1	82	19	88	6	95	14	76	38	91	8	84	17	83	3	71	27	96	36	58	9	84	37	51	47	86	49	70	32	69	11	84	46	70	18	90	24	66	31	88	15	73	33	78	48	77	26	60	40	53	44	78	16	92	5	72	4	98	23	62	42	59	34	93	35	93	21	67	10	64
4	0	6938	7	99	47	98	33	56	9	64	19	77	28	90	38	57	18	81	34	72	42	57	1	61	48	63	49	61	26	91	20	59	0	98	16	70	8	84	30	91	5	78	4	81	14	72	31	68	23	67	39	79	13	58	29	70	21	52	36	78	12	58	24	51	15	70	11	69	32	81	27	51	40	65	6	51	41	97	44	58	37	84	10	90	35	81	22	64	45	77	43	72	25	66	46	55	3	54	2	91	17	98
3	0	5768	12	99	6	55	35	72	18	66	41	95	38	95	7	64	10	60	30	66	8	81	13	60	3	62	23	59	47	73	28	97	42	72	39	66	14	55	45	84	31	99	22	72	9	90	17	84	27	90	5	99	19	51	43	72	40	72	29	75	46	59	24	57	2	81	16	93	49	84	0	69	4	50	44	77	37	61	32	77	48	63	11	92	21	51	26	53	25	83	33	75	15	55	36	62	34	51	20	70	1	52
4	0	6336	43	53	10	64	34	74	29	96	6	88	31	85	49	52	25	79	37	74	2	87	22	64	4	70	27	68	13	76	47	83	16	65	40	53	44	61	32	74	12	61	0	71	45	77	5	55	26	81	28	52	36	60	41	71	38	67	39	58	15	57	11	73	23	68	9	54	35	75	14	72	3	89	33	78	42	68	1	92	8	93	46	97	48	74	18	88	24	63	19	99	17	62	7	67	30	75	20	66	21	82
7	0	6917	10	71	49	99	16	97	12	55	4	66	17	88	47	54	18	67	7	85	1	71	19	87	9	58	27	83	29	58	22	68	8	63	43	72	45	97	24	92	21	72	2	56	3	71	25	73	30	77	37	50	23	59	5	74	15	79	35	60	39	96	46	73	48	53	33	77	38	70	20	99	13	69	44	77	32	72	6	78	14	71	26	68	0	81	31	70	42	59	28	53	34	69	36	87	41	70	40	68	11	84
9	0	5639	33	62	38	90	5	63	22	98	47	63	1	54	45	92	29	87	4	98	18	54	35	59	42	56	25	91	17	90	10	62	32	50	39	93	44	74	15	99	43	81	0	75	37	82	49	55	24	95	27	82	19	94	20	70	13	59	3	97	16	56	21	93	23	66	34	60	12	52	28	71	11	57	7	81	41	52	2	97	36	97	31	89	46	74	40	66	26	81	48	93	9	76	8	63	14	86	30	57	6	89
9	0	6046	48	69	15	73	0	94	9	86	22	55	21	91	41	71	29	63	43	60	12	69	5	69	46	88	28	88	40	79	23	69	33	68	3	60	47	67	2	91	25	80	31	73	35	98	36	58	42	99	11	52	17	74	49	62	14	56	32	74	24	94	37	85	39	52	45	61	34	81	30	86	7	97	13	54	26	75	20	71	38	89	16	72	4	87	18	86	8	78	44	59	19	65	1	92	27	78	6	54	10	71
4	0	6905	20	68	28	99	43	50	39	69	47	89	38	82	6	75	16	75	29	74	32	93	9	73	46	61	26	98	45	91	41	67	37	99	5	88	33	81	42	75	18	94	23	67	34	89	31	50	8	97	44	95	17	59	49	96	7	56	40	98	14	76	19	56	15	72	27	93	22	75	13	85	11	74	24	59	0	57	25	69	2	71	12	56	4	90	35	67	21	70	36	57	48	87	1	52	10	68	3	99	30	55
1	0	7169	42	84	26	74	16	76	44	81	18	87	31	69	37	80	14	58	12	58	24	76	43	68	19	76	39	63	35	92	10	90	20	64	21	51	28	92	7	79	15	95	8	63	5	66	40	54	38	72	48	74	45	55	36	65	34	51	27	83	6	85	17	82	32	63	33	72	46	59	9	83	49	72	29	61	25	51	2	96	0	82	13	58	1	91	22	69	30	59	41	81	23	59	3	94	4	75	47	81	11	98
5	0	5589	42	51	0	54	44	62	23	96	38	64	48	59	28	59	43	97	30	93	10	56	19	73	31	73	3	89	34	91	21	74	29	54	37	55	33	67	41	99	32	81	8	80	40	62	27	57	47	87	39	61	36	96	25	77	6	65	2	75	17	59	26	59	16	59	45	59	1	88	46	85	15	58	7	77	5	68	14	67	12	55	18	74	9	93	35	91	13	60	24	99	20	82	11	60	22	81	4	73	49	63
5	0	6967	40	67	36	94	45	53	28	57	37	84	3	62	17	72	27	94	23	80	8	50	49	51	31	90	10	56	43	85	13	79	38	64	0	72	24	61	26	53	44	94	15	95	30	70	35	74	1	91	16	86	47	85	19	96	33	69	25	73	4	97	7	69	6	65	39	62	32	50	18	74	2	85	22	91	20	85	5	75	42	77	9	76	41	87	14	57	11	58	29	75	34	79	21	88	48	80	46	59	12	84
5	0	6821	41	68	39	55	25	97	18	81	40	96	33	70	36	97	38	94	6	91	7	55	27	73	43	84	15	73	49	53	34	97	42	89	0	91	22	51	26	60	35	60	29	97	12	68	46	85	19	94	32	63	30	95	4	89	31	55	37	57	8	74	11	96	1	76	48	83	5	75	13	85	17	86	10	95	45	97	28	84	20	92	14	83	24	65	47	91	21	61	3	75	44	53	16	57	2	53	23	76	9	89
8	0	5687	3	68	47	87	43	85	40	88	39	56	7	89	46	53	35	76	42	84	29	58	17	95	19	82	48	73	37	90	10	90	30	63	24	89	18	59	27	60	33	78	28	91	45	58	38	70	32	78	9	69	6	98	21	87	26	73	13	61	34	66	2	64	8	86	0	71	14	76	1	75	15	72	36	61	23	51	16	61	25	86	49	85	4	84	31	79	22	76	41	81	20	70	44	92	5	93	12	60	11	69
7	0	7308	14	91	26	51	19	74	49	91	42	66	39	87	11	72	45	57	23	78	5	98	46	53	9	71	21	94	22	91	43	88	15	77	35	55	13	79	7	55	25	88	20	61	2	56	48	96	34	98	41	53	37	82	24	73	40	80	33	54	4	57	3	50	32	68	18	90	8	56	27	73	17	59	30	74	1	97	10	95	28	96	16	79	36	74	29	59	6	72	12	71	44	54	31	79	0	65	38	60	47	62
6	0	6588	25	59	46	65	15	52	26	58	17	95	49	94	32	86	48	81	40	67	43	53	37	96	28	53	24	76	27	79	20	75	14	96	2	88	9	77	5	69	12	88	10	88	35	91	41	81	3	62	0	58	30	53	6	65	34	75	1	61	7	63	29	55	47	90	16	69	39	50	36	66	19	60	21	92	23	58	33	62	42	78	8	77	22	51	13	58	31	89	4	59	18	72	38	63	44	77	11	97	45	64
3	0	7065	17	92	23	72	13	90	36	96	19	93	43	84	46	92	18	87	32	50	12	54	44	60	3	75	39	94	24	57	9	73	20	73	16	81	28	68	49	62	14	58	21	97	38	53	5	80	42	89	35	76	25	89	0	90	27	69	30	76	1	53	33	58	45	94	48	98	47	88	8	97	4	79	7	76	2	80	37	79	6	69	11	52	34	80	40	92	31	78	22	86	15	79	26	74	29	52	10	54	41	89
5	0	6067	3	70	18	52	9	92	26	62	2	73	5	78	43	86	48	75	36	66	31	63	13	80	10	57	45	58	38	67	35	83	30	84	24	83	11	67	17	75	28	89	23	97	47	64	41	99	32	73	15	51	25	72	42	90	1	73	8	64	20	90	14	73	49	82	19	89	21	96	39	83	12	62	29	97	7	81	46	79	44	62	37	69	22	85	34	60	33	73	4	74	27	84	40	99	0	99	6	75	16	77
6	0	6910	28	53	47	57	44	54	43	86	34	71	32	75	25	82	15	75	3	70	41	56	6	62	2	77	26	52	49	87	14	95	38	54	21	80	40	65	16	88	0	87	29	84	37	53	33	50	39	58	48	64	22	88	45	65	36	76	10	60	27	50	18	65	46	99	30	50	23	75	7	61	24	68	35	79	19	96	9	59	4	69	8	90	17	60	42	56	1	60	31	73	5	65	13	75	20	55	12	59	11	58
4	0	6168	20	66	10	58	32	90	12	54	16	74	3	96	35	72	2	81	19	55	30	93	11	72	25	74	26	56	7	57	28	89	45	58	21	62	15	63	37	62	42	95	18	54	0	56	47	75	38	72	24	64	4	82	43	99	29	96	34	92	44	88	31	78	13	83	33	60	27	51	1	95	8	98	48	94	36	67	22	85	23	57	41	79	9	72	39	58	14	99	46	82	5	69	40	73	49	56	6	84	17	80
4	0	6363	49	95	28	73	36	79	41	57	11	65	9	57	30	69	16	83	7	73	8	64	39	83	3	68	45	56	19	66	48	70	2	77	42	64	14	54	26	65	20	69	35	97	5	93	31	59	44	68	4	74	10	86	46	71	25	93	12	60	27	80	29	71	21	50	17	56	15	50	43	86	13	57	47	76	40	95	18	85	0	73	23	69	37	76	33	85	32	89	6	56	22	70	24	89	1	66	34	82	38	97
8	0	6836	49	80	40	92	9	86	30	87	42	57	24	79	27	56	19	52	8	92	18	84	2	56	20	53	29	82	14	91	25	73	41	53	10	99	36	50	15	68	6	90	34	99	0	77	28	77	32	70	43	67	17	65	47	98	12	54	21	57	26	91	3	85	39	85	38	62	31	54	4	55	48	92	16	82	33	72	22	51	1	52	11	78	7	63	13	64	45	52	35	64	46	90	44	65	37	64	23	94	5	87
7	0	5927	3	80	17	86	31	99	49	54	14	68	21	66	28	88	23	55	9	77	25	64	38	97	45	67	47	85	10	54	30	96	37	69	43	71	6	67	24	96	7	97	32	81	48	68	29	58	46	66	18	99	2	78	11	59	22	91	35	55	34	83	39	51	15	52	4	54	44	59	16	98	8	67	20	89	42	86	1	59	13	84	40	93	19	87	27	96	41	66	0	90	5	91	12	75	26	95	36	65	33	96
9	0	5639	35	85	18	92	6	89	8	78	14	84	29	91	34	88	40	54	13	55	3	62	1	82	20	81	10	76	5	71	39	56	47	96	26	90	28	80	41	65	0	63	43	78	49	99	42	62	48	89	23	80	9	80	37	95	46	69	25	81	11	79	27	64	7	84	32	50	45	86	33	90	24	53	12	99	17	74	30	71	21	74	4	53	15	61	2	58	44	54	38	82	19	51	31	50	16	92	22	82	36	63
2	0	5785	9	99	34	60	31	98	18	52	44	70	15	96	20	67	16	68	47	77	38	52	46	91	13	66	22	85	32	58	12	90	11	71	33	70	30	90	5	50	2	78	28	67	4	60	19	68	48	50	43	59	3	50	37	92	41	54	42	82	1	89	14	92	49	58	7	63	23	86	10	52	6	60	0	96	21	66	40	80	8	70	24	73	17	91	36	58	45	61	27	86	39	55	25	57	29	94	35	61	26	55
2	0	5717	43	87	42	90	48	89	15	55	32	91	38	79	22	63	17	95	11	70	20	59	18	76	45	90	27	97	40	70	33	95	29	64	25	71	12	66	37	91	49	89	44	99	35	68	47	97	21	98	4	56	16	84	5	88	0	76	6	59	10	69	14	51	7	71	9	71	41	94	13	64	31	80	19	64	24	99	30	96	2	68	3	56	28	57	46	80	23	61	36	74	26	92	34	60	39	95	8	93	1	79
6	0	6140	26	65	27	99	17	94	37	90	28	95	2	52	34	53	32	66	45	97	47	62	44	75	12	65	46	59	49	80	24	60	40	86	11	55	42	56	19	79	10	88	41	72	16	71	31	92	35	57	38	56	21	66	14	68	5	96	18	81	4	57	7	72	25	57	0	80	3	71	6	61	13	53	8	97	39	68	15	74	1	71	43	92	22	54	20	53	23	87	36	72	9	97	29	65	48	92	30	91	33	83
7	0	5588	10	61	7	59	4	82	32	69	49	83	6	91	16	51	45	75	12	98	38	96	0	56	46	82	48	70	40	69	24	60	22	79	36	95	27	87	3	70	15	64	41	53	1	64	37	52	34	98	42	63	25	76	14	84	35	62	44	98	39	89	20	62	28	74	19	75	30	54	33	92	29	98	47	85	26	77	11	79	8	69	5	51	21	61	2	85	17	71	23	82	13	52	18	87	9	73	43	53	31	60
2	0	6705	0	59	20	71	15	65	43	61	3	60	39	91	21	74	4	87	8	84	27	51	46	95	24	54	49	80	12	86	37	88	28	58	11	57	26	68	16	73	2	63	14	98	5	54	17	56	36	55	30	86	25	52	6	78	13	85	32	60	38	79	31	54	48	77	9	84	10	73	34	73	29	70	18	69	44	96	33	61	19	80	1	55	47	75	22	86	41	55	7	72	23	53	35	96	42	70	40	81	45	75
8	0	6118	47	68	3	57	8	71	17	66	21	61	49	56	29	62	35	71	16	60	6	82	0	71	9	80	31	97	14	88	22	50	19	56	26	93	39	63	20	96	43	70	33	63	2	72	34	73	13	79	18	57	45	93	25	97	24	57	44	94	28	95	37	66	1	83	5	56	30	85	11	90	36	59	46	72	23	84	40	67	38	61	42	59	32	55	12	57	4	96	7	80	15	76	48	85	41	60	10	72	27	70
4	0	5722	21	62	44	78	33	98	37	90	38	72	1	89	28	87	7	68	14	65	9	54	11	55	12	62	40	66	46	92	20	95	16	62	41	83	39	97	25	69	18	77	6	80	8	76	4	73	47	98	43	92	48	51	22	95	10	57	2	72	36	93	15	70	17	91	26	62	30	55	0	88	29	82	31	94	49	70	19	72	5	54	32	60	34	56	27	57	45	53	23	80	24	83	3	62	35	58	42	69	13	94
2	0	6015	21	90	22	53	14	61	46	94	35	62	23	56	47	84	0	71	43	95	36	62	6	87	16	73	40	51	17	51	49	63	34	91	10	65	24	89	18	89	48	56	8	91	44	87	19	58	28	68	39	97	2	80	7	53	13	83	30	76	20	64	32	86	25	71	33	59	37	58	41	94	12	98	4	82	27	82	1	63	5	95	26	55	3	81	42	98	38	78	15	97	45	92	31	52	9	82	11	81	29	63
1	0	6260	24	98	6	78	27	96	20	93	43	98	36	93	35	88	44	76	34	95	25	98	13	55	23	82	11	89	3	68	41	89	9	66	38	79	26	65	1	84	32	70	12	98	30	86	16	91	29	78	17	98	28	86	42	71	19	84	47	66	31	71	22	89	8	75	7	64	39	70	21	51	14	77	2	78	49	53	4	61	10	60	5	87	48	88	37	59	40	50	0	60	33	94	15	91	18	97	45	72	46	73
3	0	5729	24	78	32	87	5	97	12	86	10	81	31	53	19	60	47	72	14	99	44	78	28	96	46	84	43	54	38	78	8	83	29	60	26	59	18	51	11	89	17	67	9	91	2	68	30	63	6	57	3	98	45	56	42	78	20	78	49	59	0	60	27	58	1	81	36	60	35	61	21	77	22	56	39	74	4	51	33	86	16	55	37	67	41	91	25	66	40	81	15	72	48	63	23	73	7	50	13	97	34	79
8	0	7366	26	65	14	82	47	74	46	65	44	55	8	71	5	66	35	91	29	94	9	68	23	65	48	86	18	51	3	92	42	95	10	65	49	93	0	83	2	52	21	51	43	55	12	58	6	77	27	98	24	53	36	78	11	89	38	98	34	79	22	84	28	96	39	67	19	88	4	97	37	74	17	97	7	83	15	60	45	87	33	55	20	99	25	55	31	65	1	99	32	93	16	75	41	52	30	53	13	98	40	93
8	0	7173	48	90	13	55	45	88	41	90	28	51	15	77	31	55	30	73	6	58	36	59	0	64	37	73	46	58	34	50	49	68	16	79	5	87	47	98	10	50	23	65	42	64	33	73	22	92	9	97	3	92	14	88	1	86	26	73	18	94	8	60	11	77	39	75	20	57	27	63	2	76	21	58	25	82	4	61	32	59	43	80	44	60	24	52	19	83	38	65	17	98	29	91	7	93	12	97	40	84	35	85
3	0	7291	5	51	6	97	12	53	3	83	19	98	31	75	16	90	34	96	32	82	25	91	28	80	11	87	35	71	36	63	33	51	44	58	40	52	46	64	30	58	20	79	17	67	47	77	41	50	9	68	29	52	18	59	27	88	43	77	8	68	42	78	13	74	22	98	38	58	4	50	0	63	48	95	14	88	45	63	39	63	1	60	7	66	24	58	15	54	23	90	37	77	26	51	21	79	10	67	49	83	2	75
7	0	6302	37	54	7	52	47	91	17	96	28	57	24	58	16	97	29	56	23	80	45	69	30	87	14	64	2	68	34	86	13	83	15	94	25	76	35	67	38	67	4	93	22	62	39	88	0	84	1	54	33	80	9	68	20	65	43	72	5	51	48	78	42	87	36	72	11	92	3	77	8	51	19	66	12	50	46	78	10	85	26	50	6	97	41	94	31	89	49	55	32	75	27	84	21	72	44	58	40	53	18	57
9	0	7173	6	71	46	77	40	64	44	82	1	98	38	57	4	92	26	61	33	77	20	78	21	70	34	94	41	66	16	90	7	58	39	58	23	88	42	57	49	97	45	75	18	95	35	72	8	56	25	95	9	76	29	70	30	89	3	88	37	59	27	50	15	64	32	63	11	97	47	92	0	51	28	70	31	92	13	83	5	93	2	80	19	79	12	95	14	60	10	63	48	88	17	79	36	89	22	59	24	54	43	96
1	0	6579	17	55	30	86	35	87	6	50	11	95	24	74	28	96	10	64	14	91	3	76	48	56	36	52	46	64	25	58	33	60	27	93	39	73	13	97	32	50	1	99	0	66	22	85	41	98	9	94	23	97	26	82	2	83	40	77	4	63	21	92	42	79	18	84	31	81	12	86	43	56	38	92	37	62	47	64	49	76	5	97	34	88	15	95	19	86	8	91	20	51	44	96	29	68	45	68	7	55	16	52
9	0	5737	10	96	36	70	13	60	15	74	41	69	17	91	0	87	2	70	19	69	9	77	35	73	30	84	16	65	24	51	18	69	29	64	34	59	11	57	3	57	31	98	5	51	1	59	43	89	20	73	27	57	47	65	8	85	37	86	33	60	4	58	28	62	14	82	6	99	32	69	23	73	48	79	25	62	22	85	42	76	39	89	40	59	38	75	21	84	45	79	49	83	46	79	44	87	12	72	26	85	7	93
9	0	5834	2	53	47	89	12	65	20	96	35	94	28	93	48	63	43	77	38	91	45	94	41	68	5	61	10	92	21	86	23	76	34	78	22	64	18	58	16	87	26	70	15	87	11	57	49	72	8	73	36	94	14	59	13	83	40	84	4	86	30	59	0	75	24	99	19	88	44	63	37	61	29	88	31	97	6	56	3	61	17	61	32	63	7	53	27	98	46	50	9	89	25	98	1	88	39	54	42	86	33	81
6	0	6709	40	83	48	65	28	78	0	89	20	67	26	60	6	81	13	56	3	65	18	96	15	51	49	97	45	77	24	82	5	97	21	50	2	71	44	68	12	83	42	86	31	63	35	56	19	51	7	83	17	76	16	76	23	80	8	76	41	95	25	54	33	90	27	77	34	88	32	91	36	97	1	65	10	64	39	85	11	51	4	64	14	69	29	69	46	69	38	62	30	87	22	98	47	62	43	91	37	69	9	51
9	0	7202	21	99	27	86	1	93	11	88	4	62	36	51	32	67	28	87	37	93	14	79	49	51	44	60	45	79	48	98	35	92	10	85	43	82	30	89	12	65	9	80	25	69	17	90	23	80	33	63	42	54	16	65	2	80	3	78	15	67	18	81	47	98	24	82	13	83	26	82	41	75	7	87	29	78	5	70	34	59	46	51	6	82	40	57	0	82	39	87	38	79	22	77	19	66	8	55	31	90	20	63
7	0	5767	5	97	38	86	34	95	22	80	33	77	10	65	49	97	42	63	9	57	35	64	20	94	8	83	4	59	26	88	17	77	45	78	23	62	14	95	30	86	6	57	11	58	36	64	7	66	18	78	39	87	44	98	37	68	15	69	29	90	48	56	12	94	25	75	21	82	41	81	43	81	24	71	2	93	13	57	28	94	46	53	27	88	31	98	40	64	16	66	32	50	0	80	47	58	3	79	1	74	19	72
5	0	6591	0	58	38	93	39	73	46	86	29	83	8	58	12	77	4	91	19	57	37	94	5	60	32	68	20	71	1	57	41	68	34	51	6	57	15	69	49	97	45	51	13	75	42	91	40	98	21	59	22	77	31	93	2	95	35	56	43	79	28	51	11	67	3	65	16	95	33	64	9	50	17	94	18	96	26	53	30	55	24	98	36	65	14	54	10	56	27	60	23	89	48	77	7	57	44	76	47	99	25	90
9	0	7163	10	97	18	68	5	64	24	97	11	73	23	81	13	84	38	75	22	86	2	78	19	76	40	60	36	73	35	91	43	50	32	99	27	59	21	93	45	98	25	90	44	78	7	73	29	93	17	96	46	58	14	82	39	93	12	78	15	86	48	51	41	50	6	96	31	87	28	63	42	52	34	77	8	98	37	85	16	62	9	88	20	72	47	88	4	93	1	95	0	61	49	55	26	73	30	72	3	69	33	89
1	0	7030	3	82	20	93	29	93	27	53	10	74	21	89	23	86	0	74	42	98	13	80	30	55	18	80	15	62	14	82	24	50	32	98	2	51	48	64	38	56	47	74	35	58	17	74	25	75	49	93	19	75	40	83	7	71	22	54	39	63	45	71	16	88	43	55	4	66	11	79	9	51	12	69	31	72	34	99	5	79	26	63	8	83	37	59	46	59	1	75	36	95	6	62	28	77	41	55	44	83	33	89
1	0	5807	1	76	14	81	15	53	36	61	27	83	39	58	4	70	24	81	48	79	41	74	44	58	20	89	26	91	18	72	37	78	6	98	7	86	21	92	17	61	35	52	43	69	5	97	8	77	45	61	9	71	28	58	19	65	22	94	40	59	11	65	49	79	31	99	42	79	46	92	23	97	33	81	30	77	16	54	29	76	32	87	0	85	25	99	2	80	34	93	47	54	12	53	13	99	38	55	3	53	10	94
8	0	6517	41	97	30	97	2	76	18	97	40	58	27	51	33	98	37	53	38	58	14	70	28	62	13	90	29	95	23	55	9	82	48	84	26	54	19	53	0	54	3	84	7	98	25	97	22	86	5	50	32	87	12	53	39	93	45	76	21	91	31	63	15	77	36	60	44	63	16	58	20	64	49	77	6	88	4	52	34	91	1	89	47	57	35	98	42	85	46	74	24	74	10	74	17	69	11	84	8	54	43	83
6	0	6436	36	62	19	64	17	58	11	68	30	94	31	69	5	95	8	71	41	60	2	85	9	97	24	61	20	84	48	62	7	59	13	52	40	90	49	67	32	56	34	97	47	76	16	92	35	94	0	73	27	71	37	59	14	50	3	87	33	85	38	75	29	81	22	72	26	52	4	67	23	89	1	66	12	76	45	71	18	84	28	86	10	61	6	79	46	74	21	96	44	98	42	83	39	87	15	56	25	76	43	70
5	0	7230	36	97	1	91	32	69	42	76	31	63	26	73	18	78	35	61	23	77	39	87	34	75	13	85	38	91	45	52	5	92	16	86	22	50	29	68	9	81	24	85	47	54	3	64	20	97	12	78	0	90	49	74	14	74	46	75	43	98	37	76	30	92	25	90	6	77	40	90	11	95	15	59	2	53	10	68	19	59	21	91	48	78	7	55	41	55	44	51	4	87	27	68	33	91	8	66	17	53	28	94
8	0	6590	31	73	29	59	4	64	27	66	33	83	22	53	7	97	0	81	48	52	24	66	36	95	49	68	46	67	28	67	11	62	37	97	2	69	38	93	26	93	21	92	34	50	10	75	32	95	18	80	40	80	39	70	43	82	13	75	41	82	20	54	1	61	16	54	14	67	12	98	42	91	45	50	15	70	8	98	17	61	5	88	6	97	3	71	35	95	44	87	9	99	25	96	19	87	30	70	47	58	23	61
5	0	6442	9	87	44	99	42	56	30	98	25	74	12	97	8	76	33	84	10	78	47	61	6	64	26	65	15	99	0	69	17	96	32	74	46	66	36	80	40	85	28	76	1	65	27	63	11	78	18	52	16	89	21	83	39	82	31	80	41	91	2	80	13	92	38	93	5	81	22	87	49	53	43	89	19	90	37	75	7	54	29	92	48	69	35	83	14	75	45	52	4	59	34	97	20	63	23	88	3	93	24	69
7	0	6254	40	84	34	64	6	96	20	52	25	53	37	56	11	55	5	84	32	80	17	55	43	86	44	77	3	77	49	83	9	91	13	77	30	81	1	66	35	67	12	81	21	86	24	52	36	84	10	95	33	56	38	85	28	87	48	59	27	59	46	60	47	79	29	69	19	72	15	70	31	55	2	87	18	67	39	62	45	68	41	81	26	55	14	53	23	61	42	95	8	54	22	93	7	70	0	76	16	58	4	87
1	0	6054	18	78	2	52	6	85	34	96	1	79	10	93	9	71	19	92	48	83	38	89	11	56	22	59	47	68	25	86	26	53	7	54	39	82	49	83	8	68	31	70	21	90	33	77	12	51	36	53	24	64	5	71	30	67	0	60	14	96	32	87	29	55	20	92	17	96	40	65	46	57	23	89	3	62	44	93	45	66	27	51	43	92	37	95	35	61	42	75	28	68	13	98	16	55	4	55	41	75	15	64
